0.00344915536934863
0.00337111273228873
0.00389705905811453
0.00386504565274059
0.0032711880824899
0.00314842648005194
0.00379876785009797
0.00387745315476764
0.00483945293238793
0.00479385851088673
0.00617816538176422
0.00618286897061741
0.00464511692317427
0.00478937399395224
0.0060634348713656
0.00580289803532395
0.00300570315609699
0.00285379784027639
0.00345038006687601
0.00365817507481179
0.00271813399099217
0.00264455753401368
0.00287775921702531
0.00318034784954761
0.0040171624581807
0.00349227253368681
0.00464866056247014
0.0053441949691518
0.00465975956274486
0.00440640020159908
0.00581821720881591
0.00608748282251829
0.0080961500648957
0.00786619945688006
0.0105194537537012
0.0106304411276168
0.0073454324108305
0.00652422524762775
0.0100074500327859
0.0104708979927938
0.016624711340545
0.0172136890584357
0.0456212411536013
0.0236669869402099
0.0136112499961672
0.014228420554206
0.018754486939606
0.0169726831456434
0.00735148561914572
0.00775198110600253
0.00995825204930889
0.00949232798565116
0.00796788008406661
0.00804831356693806
0.0103763306390232
0.0101812731946057
0.0128509414108703
0.0130860303982905
0.0161330118549193
0.0158378412291339
0.0124735678843878
0.0129140345909008
0.0161155100530886
0.0182671593105612
0.00411022962094617
0.0041452669768304
0.00425428932970884
0.00429843850229082
0.00412563179314162
0.0040520541248704
0.00408850334550274
0.00418284321145998
0.0044851300825915
0.00437572149271751
0.00497786929706122
0.00509953591980022
0.00474668645350641
0.0046119858883904
0.00528243610754464
0.00550947812400227
0.00393378519709339
0.00378740972945939
0.00388704920563417
0.00398437031979277
0.00363636681557433
0.003510932046205
0.00379672550601743
0.00381576057673789
0.00431380405609067
0.00442591886183164
0.00541795381393269
0.00516122562644849
0.00430188533584065
0.00427836880697379
0.00500513710487595
0.00494181039859757
0.00593375187257905
0.0060827333030337
0.00741684427417768
0.00717301949397058
0.00636444706921351
0.00677816315808255
0.00864985061962905
0.00792350584429672
0.00985904175748264
0.0111549883653321
0.0155284636131139
0.0116468711837938
0.00855827174879434
0.00893785473836383
0.0103995538005803
0.00992189745500857
0.00664876366876399
0.0063299959697798
0.00776131584276917
0.00831421245791907
0.0060851060948607
0.00594182428689766
0.00716290762406709
0.00734728446528143
0.00888149868829474
0.00855150013009323
0.0099438725214325
0.0104581530842838
0.0107617373056463
0.0097414328459982
0.0117131097668295
0.0155160436294068
0.00227460765943076
0.00217284512144999
0.00266298772329704
0.00258236110467484
0.00231045682687561
0.00263104056303513
0.00321271575401821
0.00288896688016829
0.00389364673458723
0.0042004196420136
0.00570530273802233
0.00546562143852201
0.00322771611662383
0.00356480178107009
0.00502350109239317
0.00434548320395598
0.00304161741572546
0.00345478942602616
0.0039236849879098
0.00357649283320956
0.00380106148703617
0.00402964762399883
0.00432299239326739
0.00418883297990656
0.00487727867660416
0.00489332545933267
0.00577785842646202
0.00589271240646799
0.00447166871609212
0.00472023922794814
0.00587379825171331
0.00578164788334587
0.00766048082595843
0.00747117454390858
0.00954066662351199
0.0100730617661206
0.00729168476948311
0.00702791275060003
0.00884255063491905
0.00920290547052652
0.0118296076711899
0.0114946120146587
0.0168730414665918
0.0149041064090368
0.0129323364081504
0.0120963329589848
0.015014547767309
0.0161172801390781
0.00620838099943335
0.00735962273687871
0.0113368744438572
0.0100910554895182
0.00793278444261488
0.00799947896156542
0.0109263882328717
0.0112365981801093
0.0162640146911055
0.0144118183111916
0.0182910550247432
0.0224986090896075
0.0188981332103073
0.0199710055015285
0.0304019422591057
0.0548502998732888
0.00269576024688167
0.00280797932587322
0.00250704966272265
0.00262179525611704
0.00292361795774198
0.00301059086421603
0.00258712783355291
0.00250963096084443
0.00219863706875287
0.00216189163769283
0.0021134002071931
0.00248351969378963
0.00289209583710427
0.00244618930765807
0.00305884342966759
0.00378263199570824
0.003045483312496
0.00300442699929808
0.00275770196805249
0.00268651374966115
0.00286182795535945
0.0026027065483811
0.00268772408864408
0.00276394007315049
0.00273420923885404
0.00296422094073696
0.0035282832581034
0.00284522688600539
0.00228979943410971
0.00250004790991002
0.00232465026734635
0.00205413696823022
0.00276396921443001
0.00274536416205477
0.00477533146385774
0.00512516559930423
0.00339200835958832
0.00460388961867242
0.00717917130641882
0.00528876145935324
0.00964293036202885
0.012751195903963
0.0314256528129924
0.016674998283201
0.00859083257490643
0.0084974405284976
0.0135099184386096
0.0124464540498503
0.00548004338970348
0.00465399992565649
0.00747180607818113
0.00873395000319556
0.00392123770553207
0.00324393778788275
0.00568573128319691
0.00639645177206444
0.00993370622005806
0.00896968148392106
0.0124830680977189
0.0136429180964021
0.014824318493831
0.0122913583818999
0.0167269873644258
0.0316628349069687
0.00517574920915977
0.00505734117744034
0.00560202218902367
0.00564023896685204
0.00479383516031204
0.00441902023142215
0.00511837044711605
0.00541178490317933
0.00637161016863799
0.00619695377382346
0.00773127360572045
0.00771989858306128
0.00638351603682077
0.00645855697218668
0.00765148464716503
0.00741454872743207
0.00396418463414137
0.00346089452875237
0.00440124266699237
0.0047713253265289
0.00294536068307191
0.00246380570496854
0.00370789548233231
0.00403735456350438
0.00572804783957059
0.00565283892337943
0.00840375062996023
0.00815720445079063
0.00602135548088146
0.00585590648347443
0.00796517849731678
0.00783295230593738
0.0104050315170705
0.010966026403725
0.014724495218196
0.0135832815842516
0.0115598434073933
0.0121541822805406
0.0184125503223093
0.016570247853331
0.0255160811853059
0.0295794427539168
0.0664411728726009
0.0350894687182023
0.0172770040073541
0.0198753590407816
0.0259534194778631
0.0213366935256983
0.00873610748618397
0.00920820270220198
0.0112202552400904
0.0105167415251119
0.00952162780815391
0.00984047244083974
0.0124723044242002
0.0117650325453741
0.0144150960419184
0.015517893082992
0.0188187843316345
0.0172318032460854
0.0129048912128731
0.0138093773119783
0.0164561537853344
0.0174322962101148
0.00476502449591185
0.00484806824362072
0.00502792273762637
0.00501015196458153
0.00493240914933178
0.00500097024554716
0.00513709084184774
0.00507645439512931
0.00533034054235337
0.00538925845174417
0.00576413247078485
0.00570463899899118
0.00536504477597743
0.00531631421193373
0.0057240356683399
0.00583771706134542
0.00504632157247742
0.00507057501813526
0.00527713027444391
0.00520386254395305
0.00508530222987056
0.00511073665292414
0.00547594029118808
0.00536282581003131
0.00583894142932265
0.00608136758872704
0.00692633388014399
0.00650874497582571
0.00549351458207404
0.0056445680521531
0.00616824058227763
0.00591476231909184
0.00646341708599424
0.0068352991791659
0.00750598022161891
0.00699140308331144
0.00735704048703672
0.00800051301652452
0.00939341093375888
0.00832574106102978
0.00939357364876077
0.0111573893649038
0.0140877034679484
0.00994733921092201
0.00741255599208094
0.00810750630802214
0.00842676826167163
0.00763344602058149
0.00646724004874522
0.00628347835779931
0.00690519630597905
0.00730497344023227
0.00622288008953569
0.00627309937301736
0.00675439936166617
0.00671235968807314
0.00717472508911309
0.00713796507478724
0.00734345076290088
0.0074571232086257
0.00863156777856115
0.00774804297720616
0.00826882162680016
0.0115297503327869
0.00163132229838664
0.00206992997174365
0.00322944025766991
0.00297624515103462
0.00258110601364797
0.00311749211816531
0.00388960443929721
0.00353668888732979
0.00484597753121085
0.00492377871771787
0.00630183139793407
0.00659991192216169
0.00485653047118089
0.00483586587321333
0.00696547252861704
0.00729464530774509
0.00363954264565307
0.00410708828090483
0.00462862783186987
0.00426576062396637
0.00447812721615826
0.00471045243423066
0.00505612377909869
0.00491211264090605
0.00546768444346118
0.00551407799456435
0.00608788883216785
0.00615544965522331
0.00507251812044157
0.0052908520770987
0.00612069787207677
0.00610969964777174
0.00752968976980874
0.00723067783818099
0.00881329519917896
0.00945208264624486
0.00705126007128441
0.00682616055236168
0.00788410344367057
0.00835371841759341
0.0105628376249289
0.0096761905205106
0.0141982519653599
0.0141032357468514
0.0122566248582132
0.0112762582906915
0.015026682187859
0.0163753881896872
0.0104363573526905
0.00981758760800646
0.0135480625582322
0.015143742782848
0.00901693775901679
0.00822812948728583
0.0105358978898794
0.0116901459000409
0.0156785163888638
0.0136873172157099
0.01828734344532
0.0214377476030227
0.0235633882793226
0.0205588390264507
0.0283457834240885
0.0539969416740059
0.00207674444961479
0.00182051730042144
0.00325933225553622
0.00345383081983685
0.00163085000023474
0.00148005751358955
0.00295424196613903
0.00309497954733787
0.00542225069263026
0.00523670935537889
0.00806794774540201
0.00841944248575501
0.00565286493620937
0.00557826891154817
0.00867774295278308
0.00868224214075784
0.00136245560292812
0.0012830797226385
0.00277496553707324
0.0028456144115924
0.00125815824812204
0.00133559395572384
0.00279226512736345
0.00274796508990373
0.00495146233751958
0.00488701047608943
0.0075129607985649
0.00764213157713242
0.00509544592614789
0.00501384599848717
0.00770786489503455
0.00781506082856459
0.0110244138995702
0.010854015740251
0.013796852231359
0.0139840827444942
0.0108252797417042
0.0107250913231407
0.0151416998492728
0.0143650149365054
0.0186402473168773
0.0217276380772913
0.0373342532012861
0.019894641658409
0.0157195940593471
0.0160444542204403
0.016312433224189
0.0153473438268659
0.0126557828875061
0.0126308976947464
0.0174757337532123
0.0188620482943364
0.0121432782930092
0.0114929689264966
0.0145932892709904
0.0156604766636651
0.018425777291403
0.0163264102400219
0.0157535132917165
0.0181498101765247
0.0286409864643288
0.0237906985803428
0.0242801673207541
0.0519738937636196
0.00657640814334527
0.00687726018654025
0.00815734350292332
0.00782595404910891
0.00715670262111495
0.00734473552695262
0.00863276431163724
0.00845166908142368
0.00973538727387619
0.00988415351230155
0.0111091651525385
0.0110239502684761
0.0090782329840112
0.00944063139041107
0.0107433953054607
0.0103435083390987
0.00740342564362257
0.00731871558219718
0.00852181352084355
0.00865997650103224
0.00709673735136925
0.00676529943675283
0.00778911033748338
0.00822237516584723
0.00924915209877784
0.0087152909379182
0.00953113967611503
0.0101648410774805
0.00984825141638855
0.00963578481687664
0.0106525664468247
0.0109678360850751
0.0120130779925387
0.0115602138252011
0.0123306271437366
0.0129364379820194
0.0109543615586912
0.0102213021862621
0.0107724259149153
0.0115995195004589
0.01209518008874
0.011187947761705
0.0115224859732336
0.0124822149633158
0.0137028026563057
0.0129460022671251
0.0134318121838476
0.0143205010134015
0.0116344799674282
0.0120798608833061
0.0135640681644513
0.0131765752296417
0.0123280767482537
0.0123115188262173
0.0134096162027888
0.0135974824165229
0.0148477481202202
0.0143457255762515
0.0151085699694
0.0159240478283106
0.0152058847373172
0.0153936410508223
0.016968866659748
0.0195302887830385
0.0106252938873089
0.0102908586927745
0.00957643199341528
0.00994883822585599
0.00991173235191386
0.00942180251482554
0.00874269690894159
0.00919949897843073
0.00859149869396861
0.00814669552537138
0.00762449583946167
0.00807069841826985
0.00943052287471325
0.00899138201312831
0.00850880055279736
0.00903441697041528
0.00881284278121268
0.0080953047263772
0.00755788340738487
0.0081932822492335
0.00728165619544301
0.00638113850014893
0.00605680207812465
0.00684453504665064
0.0064397694691425
0.00574819900875665
0.00543630796924056
0.0060555422987873
0.00763857783561028
0.0070688723061842
0.00662154762369736
0.00714321719787127
0.00673633398094626
0.00624312795217558
0.00599931640154761
0.00648706439412678
0.00571210077751769
0.00513140775921543
0.00487720167345983
0.00546593429590318
0.0054050445264743
0.00474990649386071
0.00484121828838743
0.00562271579808914
0.0064968717744303
0.00598661573526672
0.00630111865071643
0.00686792049372483
0.00875183614109431
0.00813179751490953
0.00790071594474702
0.00860684677126246
0.00765284762826318
0.00720135955402342
0.00694278552455614
0.00739317437679614
0.00738799183949882
0.006950565169357
0.00733603155610467
0.00775705215909096
0.0086648068706766
0.00789957487583057
0.00824988672839687
0.00903614024796721
0.00551744983509274
0.00564870471637298
0.00648387106646659
0.00634650759224143
0.00585379327434319
0.00604344169340614
0.00700756777357145
0.00674438301228096
0.00766956480982974
0.00798664056281885
0.00900358684627551
0.00865884591069498
0.00722681635972757
0.0073658584477016
0.00832598277335931
0.00818923727068093
0.00617477272954284
0.00624511743043473
0.00735493939611849
0.00721398687502973
0.00628691848770594
0.00636600064982057
0.00758065380052999
0.00745614066470269
0.0086024560787566
0.00878142622767772
0.00996693966323849
0.00972156770955213
0.00824479933417239
0.0084432819783252
0.00951063372739171
0.00927831222470202
0.0103233301177913
0.0105600872137456
0.0113923081801553
0.0111336423700261
0.0108147064799579
0.0111419676022503
0.0124499356151941
0.0118406426444373
0.012876813680861
0.0140614316381848
0.0171748971541191
0.0130268109779308
0.0114532472642331
0.0118773122045538
0.0116627558587699
0.0110878541594722
0.00926316677525239
0.00938739986488609
0.0105709298813197
0.0106558840622698
0.0097311385625619
0.010072901522482
0.0109354446963458
0.0106883829726557
0.0113870046097338
0.0113188317430614
0.011015525200295
0.0114102299042347
0.0126083105808436
0.0119939597015531
0.0126249281248412
0.0165605825669843
0.00985959494000901
0.00907986606138107
0.0101736199849665
0.0110031790807773
0.00860249270322674
0.00817434003922674
0.00911185382744534
0.00962828425728376
0.0106159885026847
0.00993933579490382
0.0105523640033932
0.0114435210153211
0.0122569662303709
0.0113104039412219
0.0123506859138714
0.0134695765088855
0.00765699460380314
0.00699305229708034
0.00770573547323714
0.00848856563074487
0.00617421308385551
0.00522005948616918
0.00566450126462332
0.00675664724601727
0.00719706243789645
0.00601384099020476
0.00620009637433896
0.00742422226738031
0.00916470294415959
0.00825379744374253
0.00855890640981627
0.00959578978720294
0.00975093634752458
0.00860115715394845
0.00837112882844785
0.00955733137792512
0.00742393642051673
0.00620992228766166
0.00606625322441955
0.00721490287929502
0.0068644251845626
0.00582612278108023
0.00559075250750961
0.00650249986642977
0.0090852127180587
0.00794079199828692
0.00746627194313177
0.00851443989941795
0.0145382054373685
0.0132111199788338
0.0137489342690608
0.015503982400216
0.0120466945026783
0.0109045219069538
0.0108139424409628
0.012175651459764
0.0119090373519627
0.0103413923384427
0.00968724883763445
0.0112648068861049
0.0165346945885652
0.0141075416913324
0.0135869681892866
0.018758531911938
0.00623181684679466
0.0053626111897641
0.00602682155644316
0.0069904322267764
0.00481907681142058
0.00443310250915363
0.00497323446908047
0.00541720530857544
0.00605002891807115
0.00550079526883207
0.00595673594801471
0.00665129697723369
0.00791069821971969
0.00678530765131035
0.00756163290716053
0.0089021181032194
0.00410116370097343
0.00377178057364772
0.00417656920396477
0.00457873357438172
0.00342629637263278
0.00306404474539564
0.00329172539473731
0.00374668783768074
0.00401140249068122
0.00347197233326371
0.0035665687064639
0.00417498827096434
0.00501281300430655
0.00452504443594972
0.00476655826597617
0.00534867222511579
0.00556137954534574
0.00487836565655274
0.00483626834745874
0.0055936830456731
0.00421655917415742
0.00355666427170934
0.00343715276150809
0.00412698291748271
0.0039191484999899
0.0032211147663484
0.00295715467792296
0.00364199159327516
0.00544963455970363
0.00465028580386235
0.00436856710355269
0.00517496133739333
0.00990194466607896
0.0083114926464239
0.00895698650964134
0.0109664266085177
0.00718774362729363
0.00631359841397327
0.00645600348102447
0.00751057575648217
0.0076354001229089
0.00637795898434542
0.00611988633645711
0.00747428847231372
0.0122085007354346
0.00957960077387408
0.00961022716086473
0.0145157986428497
0.0130252879796542
0.008995253719064
0.00828211573405357
0.00956867282299171
0.00708059776168062
0.00580678263127886
0.00567204277495883
0.00678070806599691
0.00655585668785178
0.00564413965015535
0.0056587352640372
0.00644746621987887
0.00823752645672911
0.00750361909874047
0.00712161147621833
0.00755462074136786
0.00489117208497747
0.00410963003450979
0.00404009428890994
0.00478848108587955
0.00341277239964729
0.00276399443025543
0.00278556431160801
0.00338430600451137
0.00350070453752887
0.00295707875911538
0.0031956926344081
0.00369109907729469
0.0048065670983438
0.00410539800042997
0.00424300684691335
0.00488546321027306
0.00498281709055888
0.0044035491166043
0.0045769041390106
0.00513614930794038
0.00389611793648029
0.00343396344207609
0.00362897466442389
0.00408045258929338
0.00422151837391348
0.00375935337271707
0.00382355272373128
0.00431884482429058
0.00533096255472126
0.00474135365747335
0.00489743314565923
0.00557427569787937
0.00728190877332907
0.00692082706658119
0.00700933196443691
0.00740129052433145
0.0063514431357096
0.0056726932725374
0.00579070401434847
0.00642137342321061
0.00675861494563531
0.00601608975334428
0.00637603621494354
0.00741837463809637
0.00819367895388112
0.00763609462373021
0.00882364660130868
0.0113974539845581
0.00291826223798112
0.00288610741431073
0.00344500029139755
0.00356540773664926
0.00287030993011722
0.00284938833916529
0.00323495844468687
0.00333994070643396
0.00382610023496409
0.00363159184696962
0.00406135924642684
0.00435123982067781
0.00424969359181559
0.00402852100892817
0.00466110004551348
0.00499912445675457
0.0028178350683397
0.00278712566441796
0.0030512414215377
0.00313169224516578
0.00278650576335068
0.00286155929632035
0.00314152468615456
0.00303528311644365
0.00328528309743391
0.00341655989721271
0.00369650256413366
0.00355412787257398
0.00345289986012102
0.00331983453625262
0.00361437498566513
0.00380369511217941
0.00421275085536974
0.00396289147209689
0.00440735482080694
0.00472132805186692
0.00386752881205903
0.00400334935957364
0.00438382469938472
0.00426926499469045
0.00483547330362101
0.00492639639612366
0.00577514880188093
0.00568911560791775
0.00539298970405921
0.00501576897074462
0.00589609705522791
0.00632603568007045
0.00584938565756485
0.00537474326070557
0.00621349349256773
0.00684800081355682
0.0049452412205457
0.00455322365284216
0.00514841130174565
0.0056502384539859
0.00652721939917646
0.00590848567545096
0.00692559526476582
0.00766417988775709
0.0080592986351477
0.00723909714736659
0.00853733756007949
0.00956954312688118
0.0151442014757664
0.0105296330589701
0.0114755548184715
0.014448380992325
0.00838977017179651
0.00692886429028598
0.00740497058392978
0.00907575330016437
0.00942088061821391
0.00770779772354154
0.00778982671359683
0.00950772135360784
0.0143990766467389
0.0116415756030873
0.0116253619030141
0.0142270280440582
0.00590469046433048
0.00507430452943443
0.00522186009138348
0.0061897307771854
0.0043960565317203
0.0038393353389578
0.0038171345015075
0.00444565018131056
0.00444485289636791
0.00374835736748121
0.00363616716009686
0.00438710619703848
0.00636644399490581
0.00530017295297308
0.00529197935338542
0.00640435000568305
0.00629390227889802
0.00519324121012002
0.00502176808892761
0.00607756392422279
0.0042746815171734
0.00348997355378429
0.00332308346509468
0.00411788324661819
0.00392979603225895
0.00315299095751762
0.00300525880121313
0.00373295573855029
0.0057674780262557
0.00478869563325691
0.00451744440653427
0.00539152624299582
0.0138004052773784
0.0113071981653837
0.010735059244809
0.0130403841067496
0.00928318178743807
0.00763627696235598
0.00733850804239821
0.00886619594941708
0.00828365310343165
0.00691311032176479
0.00639622534130135
0.00758468279297064
0.0120139054219398
0.00995241022671036
0.00902669840029947
0.0108132956001516
0.00764796681460352
0.0085496799425149
0.010621769599829
0.00955959238759678
0.00968278099202705
0.0109375672194754
0.0134680489214642
0.0119695526974415
0.0146724875169448
0.0164151552810121
0.0197201629582525
0.0177034952071866
0.0118716822909046
0.0131033701029357
0.0158928879483092
0.0144827047701829
0.01222202118932
0.0136567835498671
0.0165218617193925
0.0149957075591909
0.0153507605267836
0.0187517599574121
0.0183303584654149
0.0179942572937791
0.0203607861209413
0.0197377660231053
0.0220913126507649
0.0234899899227945
0.0181844137354272
0.0196281467109479
0.0232269120525977
0.0217796598016149
0.0257872294653852
0.0273403777805357
0.0323025203398918
0.0302550169635633
0.027399689756479
0.025460478992139
0.0314746917792087
0.0331928215258461
0.0419476740000809
0.0417949008268045
0.0664597657732745
0.051355719136572
0.0349321726141098
0.0382538698939652
0.0445430817535092
0.0395250566428709
0.0172847203835814
0.0188869517627749
0.0219769968354938
0.0201609243264358
0.0209768116434725
0.0233315742510229
0.0272291559266675
0.0244158340008625
0.0278561811407978
0.0312114986698602
0.0350501455013182
0.0311171515965689
0.0229858227949295
0.0250239174056627
0.0278790026403151
0.0256281021767747
0.0185222345861285
0.0176514352666385
0.0203566233436628
0.018332298551161
0.0176519154525927
0.0174248785721997
0.0208066450588714
0.0208724862593799
0.0241952750971204
0.0244910401720292
0.0286207449740859
0.0278476029373257
0.0198119058055454
0.0228110910776945
0.0257168265901804
0.0218591750444618
0.0168863748782066
0.0159092936126381
0.0191976476103994
0.020252103428996
0.0145927404428235
0.0130638035743907
0.0159926133969195
0.0177387722137538
0.0217575677005959
0.019936414840571
0.025290048997235
0.0270201542732224
0.0240761542174977
0.0231512431509848
0.0280785052031382
0.0285843406754762
0.034037763573828
0.0343047745124798
0.0406850770026429
0.0393073234271125
0.0338888247046653
0.0324251084272444
0.0433950297164459
0.0427013827843578
0.0549677273788947
0.0600796990011119
0.100403367970457
0.0628382654114885
0.0435410668718773
0.0470524228176974
0.0515445519654809
0.0465985952160537
0.024552207550185
0.0291252868493095
0.0338123061872081
0.0289876986274934
0.031917382251974
0.0333716860553254
0.0380475233069997
0.0362356847852948
0.0412270484898613
0.0419966438365689
0.0453635769736468
0.0469729724858091
0.0376087843805782
0.0419852318635537
0.0526472242503745
0.0708796055577778
0.0114915942171276
0.0102236530750131
0.0125906876156702
0.0141256511132179
0.00918298911736869
0.00833076794216825
0.0102720451797261
0.0113131102014694
0.0142486759848194
0.0128670229392928
0.0162368915932381
0.0182002824667478
0.0177947466886219
0.0159069846998606
0.0204738054657385
0.0228718611895192
0.00766331846524197
0.00720582464716944
0.00897704954319
0.009482568960715
0.00700595442647692
0.00712784837383801
0.00895789946698198
0.00878622244852358
0.0109836715582849
0.0111892698130607
0.0137325937167617
0.01353584215952
0.0118294779108295
0.0112028621739583
0.0138618084292354
0.0147415412236044
0.0182465197857414
0.016918641804897
0.0202180345551745
0.0220558191106446
0.0163651605495469
0.0164860129258358
0.0193360380718491
0.019357127991301
0.0223772304455176
0.0221591803799754
0.02482624493638
0.025279908168343
0.0259599868237334
0.0235984346726651
0.0268801744275136
0.0297257666192001
0.029717860113354
0.0265909754635734
0.0345989171710233
0.0402362961954163
0.0233818982041235
0.0205017048695205
0.0250805932868906
0.0291446390326702
0.0353257026308757
0.0296889235123343
0.0340175533885684
0.0407914797148555
0.0552953786242075
0.0447143510291753
0.0524426814123752
0.0808572946520823
0.0202583053646661
0.0177824720431737
0.0183302505703026
0.0177023460819538
0.01670472128383
0.015775962973673
0.0168339624675148
0.0176715412141249
0.0191372658995329
0.0184469160870328
0.0207266845809179
0.0214236008941974
0.0179215468305593
0.0191589418607701
0.0211261832171812
0.019412288182331
0.0148900987017667
0.0139116940574298
0.0148630740659651
0.0158861355927195
0.0129089682202695
0.0119503301066631
0.012934538813398
0.0138520276477485
0.0153595001669936
0.0145078871500316
0.0166096109442891
0.0173963830649258
0.0174193557281576
0.016359256145145
0.0184020864971703
0.0195403488265076
0.0222461571444202
0.0209312052599564
0.023819362707227
0.025409111897278
0.0198591608314739
0.0191072924555401
0.0218327190574443
0.0225996984179637
0.0254443963623976
0.0246099542810224
0.0272711712517431
0.0282251117796376
0.0288190460436177
0.0268828612955387
0.0299371812022984
0.0322594061876881
0.0222435792152087
0.0242928260543487
0.0294097807932463
0.0278804851320135
0.0246205151111044
0.0237409316329905
0.0273059935201825
0.0286924971297621
0.0336405463946107
0.0311667127615315
0.035061852830078
0.0386209050472201
0.037366311254283
0.0370838260219388
0.0441318982149142
0.0590423889561547
0.0111153833325098
0.0105363011951169
0.0117488751877255
0.0122004621288998
0.0101426047753717
0.00989331929472136
0.0114202688968746
0.0115014876980273
0.0135534290099493
0.0136923738831826
0.0166946663577635
0.0162439728993503
0.0139075567094059
0.0136170378141922
0.0160665366584503
0.0161611146370807
0.00977256045719455
0.00979041715402047
0.0117175590077066
0.0114950565753404
0.00998982901624532
0.0104548307157567
0.0126734509082274
0.0120999468247114
0.0151781761699855
0.0158665841155916
0.0201804094268443
0.0193613752951358
0.0140453827948254
0.014552860746608
0.0183967481124463
0.0174696561172751
0.0217500272928659
0.0232906483500671
0.0288672530817225
0.0264649392227734
0.0247368377226712
0.0257265505881184
0.034030324448937
0.0317641367360336
0.0407742518414216
0.0459507692212043
0.0680121602374795
0.0486922851613921
0.0312478925475252
0.0349389020016725
0.0406231976996809
0.0357378981820884
0.0188133773455179
0.0189512632619465
0.0220812981100891
0.0216827576772176
0.0194480307474245
0.0203445112468756
0.0243681428233218
0.0229551278618899
0.0265214527056091
0.0284708653686577
0.0323573356346419
0.0299028866355476
0.0245799656724847
0.0252461803006656
0.0282388521029819
0.0273222857586046
0.0113085922017669
0.0124853608807679
0.0145817383175583
0.0135059458379371
0.013800411065309
0.0151007094479386
0.01697903670377
0.0157766585970924
0.018231361492422
0.0191143015686497
0.0215356347455321
0.0212278411288176
0.0165888269140012
0.017386040881221
0.0209955913278039
0.0206810982716926
0.0162646079718671
0.0173693221320558
0.018960421214629
0.0180735119182666
0.0185337427990434
0.0211132326167159
0.0188689634748713
0.0195786470760023
0.0202650159372195
0.018815648084357
0.0194151308440395
0.0213839254523625
0.0199718085317271
0.0204735544394134
0.0221062748633303
0.021972468246487
0.0241092256891197
0.0238189991797133
0.0252136321852516
0.0257802327179654
0.0228122504763475
0.0205789939338811
0.02294823929653
0.0247594260013204
0.0285029271055574
0.0283530893724832
0.0508411571345137
0.0322621962394708
0.0265085310485828
0.026455895466329
0.0274556323473365
0.0264721950963453
0.0258926474650258
0.0255226310370051
0.0310660166935422
0.0336327739396708
0.024871341837026
0.0243195148778178
0.0266484912490094
0.0282889876451728
0.0313716598211773
0.0279186038307743
0.0281196602268802
0.032914634914681
0.0453807353717584
0.038776689660541
0.0430171778694895
0.0752561188671848
0.011774457236767
0.011534593349903
0.0115991581313967
0.0118008523113829
0.0111610903996134
0.0106076744247971
0.0106620822249295
0.0112298275335477
0.0111114846347513
0.0105254300405222
0.0101916720545048
0.0108001873567265
0.0117020260899936
0.0114987467262365
0.0112277379178288
0.0114768140552057
0.00987864979407758
0.00899454410813806
0.00899995309869867
0.00991001016761128
0.00797713533621698
0.00684557366017068
0.00680121697444259
0.00795684918664828
0.00781972969400569
0.00668426226519614
0.00646529532756368
0.00754610086977304
0.0097625777042146
0.00885220881505049
0.00853880638780121
0.00942820446244982
0.00893039760853447
0.00807652072993926
0.0075257844293885
0.00834117917779689
0.00714235356551772
0.00613734939752981
0.00572325269343293
0.00665190347195304
0.00617535416998074
0.00528987975653967
0.00496740304164328
0.00589177556957026
0.00781170225255003
0.0070163341825414
0.0067709007120587
0.00760007851836019
0.0111441416524381
0.0108071758752758
0.0103043766109956
0.0107598511737238
0.0103204182660855
0.00968661226563566
0.00908742202706713
0.00974745583798973
0.00924475557594665
0.00855684086779851
0.00837694088585957
0.00910454296906719
0.0104567041758898
0.00987250677309592
0.00979783889920652
0.0104968182868858
0.00548756060389738
0.00576091218663479
0.00676489749567404
0.00659134209065644
0.0061080442128695
0.00643185426053418
0.00733629844029403
0.00704428062223648
0.00794538246157698
0.00819315892583408
0.00900656414962641
0.00881750957881733
0.00767213797001513
0.00774210632162164
0.00869867532858633
0.0087341015586542
0.00667713846208036
0.00682298774570858
0.00775847987755624
0.00758310730209981
0.00687587255535014
0.00686586995040812
0.00792202895624892
0.00786374606122786
0.00875844221581208
0.00887226336664196
0.00970172322478258
0.00955032405538719
0.00842653389264632
0.00861596928965027
0.00939092772810516
0.00920782469766176
0.00992717693960738
0.0100781954028095
0.0106772541462372
0.0105892398805442
0.0102287374114863
0.010394097526124
0.0109364037071283
0.0107872065816833
0.0112384934261549
0.0113341916207828
0.0116460257799757
0.0116469024352476
0.0112157505941888
0.0112060622212953
0.0117305464239286
0.0118721596463212
0.00978671995161125
0.00964413309546608
0.0105953039850146
0.0108490842406707
0.00966825854692784
0.0097808417055562
0.0105253057027616
0.010511109584932
0.0113752528607284
0.0112656116857114
0.0120658341960732
0.0123238403493871
0.0119564309811471
0.0115849516402994
0.0126761103343237
0.0131712324929815
0.0112758278358961
0.0104830925451364
0.0116071408197224
0.0125089520099643
0.00971350856247372
0.00890431517737562
0.00978822455144816
0.0107229702727952
0.0117086768641164
0.0106314274763223
0.0112156485500699
0.0124256976039108
0.0137713304909588
0.0127347630860356
0.0135986215307771
0.0147845228882788
0.00802540067838408
0.0070679148103374
0.00765459213137284
0.00876876913829348
0.00603652384850678
0.0049448910509335
0.00517850293162757
0.00645206551662452
0.00688077813583842
0.00547299226153249
0.00570719476378836
0.00717902287839482
0.0094713512856801
0.00821909144234798
0.00859478215577821
0.0099416440633685
0.0100945477363716
0.00871103990457384
0.0085610722935005
0.00991586716420898
0.00728609143673883
0.00582632122431168
0.00582324405084336
0.00719740292649475
0.00695848553170258
0.00572990029286443
0.00561837366820929
0.00667578481532512
0.00946251513799146
0.00819880479222597
0.00776025524093247
0.00889359450931631
0.0153796077765373
0.0140485965965718
0.0140213075532229
0.0154725763250399
0.0127472005653041
0.0114366778147166
0.0112679984688616
0.0126297469433632
0.0121183236797819
0.0107634642651282
0.0100975289120349
0.0113938189153097
0.0150749852109776
0.0135473666316686
0.0128041627639223
0.0143502494853013
0.00560463606161469
0.00571053466375366
0.00664369726622624
0.00653625384475036
0.00582382108558525
0.00587464408147733
0.00697680448715121
0.00682980039148511
0.00787329412727709
0.00811250918221363
0.0092789568524875
0.0089616591614429
0.00750233630312418
0.00761410305482486
0.00864049792622279
0.00852853148308071
0.00583393204257954
0.00570841417364724
0.00695677373482351
0.0070236415683451
0.00554175275040738
0.00542297199624385
0.00664199757671286
0.00680494744285427
0.0080618198139403
0.00784191296423214
0.00902145423654967
0.00930557194863268
0.00823755640314507
0.00821511593250024
0.00947339581438863
0.00946668002123398
0.0107110660685973
0.0107316909422336
0.0120015434395849
0.011980164228759
0.0105392392982373
0.0101872733528096
0.0113572148199976
0.0117775954114859
0.0130517548690366
0.0125660993214486
0.0138734552569146
0.0144144929249359
0.013294965385108
0.0133086797391975
0.0146968155179645
0.0146904296849984
0.00963980026933984
0.0097423741211765
0.0109400752240571
0.0108600990023894
0.0101055624007119
0.0104796087420996
0.0117248505328135
0.0113195998047869
0.0126229061895643
0.0130333824203011
0.0144334615491999
0.0140399423606614
0.0122121549267329
0.0122549642030963
0.013709464540895
0.013717294306798
0.00288843116067537
0.00315852278783502
0.00356101842026985
0.00326690869591959
0.00338374018767542
0.00352303599506354
0.00395352545312089
0.00380509853102255
0.00425543979472588
0.00440111032413514
0.00488478521171836
0.00475831702570807
0.00370345650293539
0.00400644019636224
0.00452390436858684
0.00423454516579153
0.00356013387536097
0.00349471445971078
0.00391075704334468
0.00398866056798534
0.00334135326664718
0.00313539317170563
0.00350579977450836
0.00373654242364847
0.00413081744266308
0.00387651952975281
0.00426047209312158
0.00453669085847885
0.00442491633973257
0.00432833025255254
0.00476093083420076
0.00488447935137614
0.00538651348162475
0.00522463094675548
0.00573986480477611
0.00595516664194625
0.00496851429735892
0.0046714511259808
0.00512535529306385
0.00544392716737013
0.00598631265729508
0.00564273094988543
0.00625276886176147
0.00662908653335955
0.0066228022430475
0.00633422770408593
0.00704618363422654
0.00743383717092188
0.0049034674147229
0.00514819265510569
0.00592214412926856
0.00576395519474487
0.00534178559288619
0.00542749873505366
0.00605828670049813
0.00604075824277889
0.00690077043818719
0.00681532292536942
0.00774989417520962
0.00798204901115302
0.00688435235418117
0.0069007602960994
0.00815645328964668
0.00835366662511237
0.0029729173690105
0.00293406672444284
0.00336529673148155
0.00341113820874577
0.00287859300757688
0.00280062998817087
0.00320608524895794
0.00329905104438527
0.00383529950539964
0.00372131242604808
0.00440900357014878
0.00455161990800053
0.00397413740481438
0.00391711114473516
0.00465472508676268
0.00472777902915567
0.00270778266886779
0.00262298639918761
0.00299304608278154
0.00309528057121673
0.00258739485202465
0.0026572075892599
0.00301636321847223
0.00294580831240768
0.00338991026897167
0.00344925521401004
0.00400101488976337
0.00397148837135891
0.0035855276635501
0.00345802616128497
0.00407468160395871
0.00423882277956223
0.00513621899838292
0.00491702813811738
0.00608096956050171
0.00638388903359852
0.00475575829934237
0.00472650630320611
0.0056942516097526
0.00582561142443625
0.00728655743240406
0.00699142199126433
0.00873012601077657
0.00927245153701347
0.00811695293372593
0.00768842895243458
0.00989264691245406
0.0105038708896686
0.00576015963290266
0.0056668297255727
0.00706996598982984
0.00718614423139266
0.00553617859509957
0.00535494454567786
0.00667226122286745
0.00690545823063117
0.00880755787042279
0.0085049058515356
0.0110315782776059
0.0114261759539376
0.0091523514157916
0.0090126183440147
0.0116794059859679
0.0118422206844096
0.00602198762403042
0.00540370947572061
0.00533993760747974
0.00598297253546991
0.00488092421008038
0.00442639625984702
0.00433535731750696
0.00480011691269088
0.00481856317006687
0.00433536293649131
0.0043755245487034
0.00488608074054307
0.00607014649002686
0.00538630021890581
0.00549431466447353
0.00623715707867584
0.00402072365179672
0.00364823704812107
0.00355352293979094
0.00392537133776632
0.00329448759499676
0.00294516542977629
0.00286294759698261
0.00320442946150331
0.00318330914374497
0.0028417707101368
0.00284161669274309
0.00318645224754438
0.00391375924443352
0.00353530524575909
0.00354549079951892
0.00393571875191846
0.00395865428978733
0.00355272808574623
0.00354408472543836
0.00396998536362622
0.00318481817731784
0.00283642289864282
0.00281516409153611
0.00316622193857573
0.0031354476274611
0.00278221909413901
0.00275773661405002
0.00311551491396366
0.00397845789189396
0.00352562248804929
0.00352414566687646
0.00401636177490993
0.00646100556218294
0.00563657335570296
0.00581239231075229
0.0067500797959499
0.0049720019348397
0.00442344131294469
0.00446850737388627
0.00506960567632894
0.00519956535518463
0.0045240190125569
0.00463055863626045
0.00541467491852386
0.00715254238628985
0.00605390570879529
0.0064308524482152
0.00776156036836954
0.00277831669691278
0.00285968987860639
0.00324902318277695
0.00314794177895699
0.00295529777803831
0.00303435929716756
0.00346353854513511
0.00336586580705057
0.00388075051414092
0.00401002455491068
0.00473965711080744
0.00456015635546681
0.00358729893496235
0.00372635429288471
0.0043444370412456
0.00413959367856079
0.00308016443685662
0.0030872628081625
0.00353605096794226
0.00352248224180906
0.00306012822508067
0.00301325305989212
0.00345724560933047
0.00350889035621449
0.00408997241317596
0.00403072256432556
0.00480148938081207
0.00487289882056557
0.00409140270443694
0.00411643851550467
0.00489864771438162
0.00485598373329553
0.00589963455911168
0.00596916748830153
0.00743703487090792
0.00732653356295495
0.00594554579605
0.0058574992678453
0.0073122333373051
0.00741990808261637
0.00943878051457972
0.00931048786654964
0.012034815699713
0.0121832363998438
0.00926920891550187
0.00944132726608298
0.0121592207131984
0.0118973643495161
0.00485544712534018
0.00516496860463658
0.00626381597635214
0.00579760729277812
0.0054750976272596
0.00573072307268073
0.00708015401206797
0.00671308157104545
0.00838530940475125
0.00891104706959885
0.0113819137242228
0.0106354442967274
0.00704675761224528
0.00773810957525043
0.0097136782795604
0.00870844841348428
0.0626173426627448
0.0429046193131719
0.0336583800914564
0.0394128990903333
0.0318386981501629
0.0243473221101486
0.0214980516075397
0.0267986461351878
0.0225771478787405
0.0189560591333229
0.016756975346512
0.0194952005399888
0.0303146144872668
0.0265528021397681
0.0222923297139155
0.0249993543224398
0.0194772990005116
0.0156691175881859
0.0143036471292279
0.0174789759707009
0.0126758700991504
0.010287485274334
0.00978423848043052
0.0117915907113115
0.0110590283719501
0.00936495922584494
0.00893186242021548
0.0103712863202722
0.0157497279948937
0.013153671705269
0.0121209451847421
0.0142325177337251
0.0128785830240466
0.0111578195605864
0.0102951568031387
0.0117615957991207
0.00968552705007521
0.00844987421329907
0.00793050717459677
0.00901485848020686
0.0084038188005694
0.00742118740223551
0.0069996882641711
0.00793355793588151
0.0108766577319196
0.00956250195595839
0.00903645279799585
0.0102839015730186
0.0213779447845917
0.0192034035209689
0.0169703607128908
0.018771119160026
0.0169955448925131
0.0148539984891069
0.0133980964173916
0.015156553517587
0.0138524857847997
0.0123193804275113
0.0116447140793506
0.0130823383183551
0.0169968401736214
0.0154281620573927
0.0145570089388214
0.0160285097711314
0.110447284289641
0.0702472461647704
0.0599199235376662
0.0620941900743859
0.0533899500856757
0.0416083742323191
0.0401168525447566
0.0490405086905845
0.0443158841884314
0.0379829187746965
0.035657697769596
0.0412637445272633
0.0486000252322618
0.048861984322156
0.044078861249881
0.0430193577590069
0.0330096519643323
0.025894695025533
0.0253461586895014
0.0320826652001279
0.0201092673262776
0.0154825036584628
0.0152975157610729
0.0197998871603842
0.0192829641881069
0.0149864760482606
0.014471129585479
0.0185132833880823
0.0306676056747391
0.0244656089827634
0.0233027583251292
0.0289765852118179
0.0272705294548751
0.0219871045799844
0.0205861286800654
0.0256219085328039
0.0175333162941009
0.0137522009760942
0.0128846154573668
0.0164020770052421
0.0151693589828929
0.0119528401713112
0.0110543970069025
0.0139005307707323
0.023878207476554
0.0190719542119091
0.0174256071277518
0.0218621141251704
0.0420530143204249
0.0423854134766514
0.0431483734972205
0.0449985479589451
0.0391686953367781
0.0335644452378237
0.0317395120535136
0.0378027830210475
0.0374702133864632
0.0298567595552831
0.0274871038934962
0.0361452263121195
0.0537947869920128
0.0481490049512353
0.0498416438570511
0.0848880971371985
0.10007740053565
0.0580188969578965
0.0558197991931347
0.0637046364459941
0.0410330849255348
0.0300713115535018
0.0329666490824285
0.0425142021228322
0.042399217844002
0.0349055972742284
0.0364891857699481
0.0432438334915286
0.0529301415749886
0.0493807708256462
0.047662788267207
0.0487047390187268
0.0230385855538653
0.0177459908882568
0.0199757659946585
0.0256157483251738
0.013832149141956
0.010921497329987
0.0123546859682929
0.0156773192211411
0.0172947220868178
0.0136493484109284
0.0146962384319971
0.0186126561689263
0.0275808372799253
0.0218307882678855
0.0233550890284946
0.0291994033228667
0.0306999273553663
0.0246133506005182
0.0255886730901068
0.0321040185709877
0.0196000993088219
0.0154272499343368
0.0158147872251607
0.0202284080115981
0.0204750017480104
0.0158808179169104
0.0157129454870486
0.0203847205425226
0.0331160792620072
0.0261535228071235
0.0262332161247391
0.0334494140038151
0.0485952005931312
0.0485073417058863
0.052464109749411
0.0528125521466984
0.0447057786844928
0.0381726980069097
0.0400438672336472
0.0470544119054553
0.0510642549228445
0.0415989524683502
0.0422390607911262
0.0543153502884817
0.0645229086419771
0.063062705242288
0.0719200826087698
0.112013637174328
0.0159797352683838
0.0144676371703642
0.0150806822975081
0.0167718480971739
0.0129574301469536
0.0114899342416186
0.0117809905296083
0.0133993227520855
0.0144108592586411
0.0125070912754289
0.0137747179110906
0.0161470069598807
0.0183929123179083
0.0163989206849261
0.0186019373801986
0.0210199822412682
0.0101050437598416
0.00883908551559453
0.00892959544331189
0.0102777759249769
0.007722218935733
0.00677770968107158
0.00677219427769865
0.00775658745830295
0.0079741602423685
0.00691689555441682
0.00716750588924768
0.00834254953638338
0.0107659071370658
0.00925493305317021
0.00980841740200131
0.0116067747970542
0.0129121912781655
0.0106329455862418
0.011752607081218
0.0146745796862667
0.00886467027834253
0.00750673003002914
0.00795541581058897
0.00957079195850365
0.0105396984673848
0.00858357898661661
0.00951576340392365
0.0118996669334862
0.0169451883199871
0.013240631619687
0.01518851930184
0.0197189683823531
0.0249970999423049
0.022029223350972
0.0273811368948772
0.0314532664363924
0.0189061906327971
0.0158047476388043
0.0185165947600491
0.0227841812792762
0.0284731841233464
0.0219179570673526
0.0258277921753568
0.0353240770506741
0.043082062422865
0.0368132136896259
0.049069806906571
0.0728056128423419
0.0259249376202592
0.023514187448047
0.0234056727746995
0.0259721013475509
0.0209687909095206
0.0184573648281968
0.0181355845120545
0.0207296976948922
0.0208788394167676
0.0180336909341791
0.0183953340624694
0.0217036345869644
0.0267787448591003
0.0238709450937701
0.0251972373915292
0.028587771591263
0.0161598698034741
0.0142494745118903
0.0139671916122019
0.0158221537333877
0.0128608558426195
0.0120502316995327
0.0119836049528498
0.0126801289950675
0.012464003136251
0.0118417099901365
0.0116391782514706
0.0122596176100754
0.0155685768005924
0.0136941119376367
0.0135268169693915
0.0155613713188575
0.0160042930639471
0.013583594052945
0.0138704798300372
0.0168152683475936
0.0121245133045291
0.011401743850038
0.0111759260302255
0.012097427943139
0.0122439991400982
0.0110660918580406
0.0112896301533239
0.012696458222871
0.017894790398524
0.0143919611749758
0.0151470933328792
0.0190513454710086
0.031698218342447
0.027737941060633
0.0319604271460504
0.0370582398008075
0.0235612613825651
0.0195263208561506
0.0211599359742684
0.0262849855443457
0.0301482015286997
0.0230335552249661
0.0247039651689763
0.0337842379277507
0.0466322458112245
0.0394030604722424
0.046942050992605
0.0696892426417426
0.0676620576359669
0.0461464214046254
0.0410476003524059
0.0484755723075454
0.0348390687055046
0.0272963653400222
0.0263896581903048
0.03268024043291
0.0298078526697688
0.0249143453000424
0.0232529678752394
0.0273546492909231
0.0405406105770479
0.0352852735726785
0.0316035782778996
0.0357175516479916
0.0225807171913978
0.0190568349314289
0.0183150244655756
0.0217851387443435
0.0164816322629767
0.0145984684942088
0.0139824716155445
0.0157872848692746
0.0151438017594239
0.0134810189625721
0.0130627676586257
0.0145633788115766
0.0207171702740317
0.0175019652877492
0.0167069529409104
0.0195869337776262
0.0185236882153987
0.0159832069761914
0.0153915403073657
0.0176998055238342
0.014052911609746
0.0127097688470058
0.0124159457586639
0.0136216545989504
0.0132648113354101
0.0121881269020728
0.01205020356675
0.0129960642211547
0.0170455395757834
0.0149023454464631
0.0145090408965973
0.0165238033339802
0.0323278130023669
0.0287769824865751
0.0266926388530803
0.029773094041035
0.0251413496947455
0.0216474990789927
0.0204659128330422
0.0235272583019866
0.0223468390940233
0.0195792469813109
0.0189073552039841
0.0214938354016587
0.0278932830427875
0.0251743054181286
0.0241115282199276
0.0265983743347066
0.0739960223145998
0.0451354297602771
0.0360987643270451
0.0368143170427526
0.0332831647004138
0.0264130478523466
0.0254219670348764
0.0297773508961815
0.0268241341015884
0.02445425326493
0.0238391038797842
0.0257525703170529
0.0287200594590564
0.0286708106256133
0.0265826753530508
0.0265262822512139
0.0224629816868906
0.0195756859988742
0.0193086049359104
0.0219584673957079
0.0173113262179048
0.0153954773369762
0.0153285012204024
0.0171631972711194
0.0173043118554489
0.0156042943507786
0.0159695386120376
0.0175487261579301
0.0215505671967782
0.0192395448129912
0.0192866056885234
0.0213175491695004
0.0214393279709041
0.0194467469102241
0.0196837387248163
0.0219655929693644
0.0177641501407092
0.016223667333383
0.0162369161438231
0.0178452547560286
0.0176859225513867
0.0159501806605439
0.015375146054564
0.017223939540139
0.0225852886601203
0.019814808072574
0.0196395728145632
0.0228850892359225
0.0278578980413453
0.0273959294592897
0.0307469357861341
0.0325563830870238
0.0261323406645467
0.0239813170142053
0.0249690914714896
0.0278742658849514
0.0311155837329355
0.0262846067347754
0.0272303109245738
0.0342081505009037
0.0427315005977104
0.0384191089406488
0.0454405205757839
0.0752299772827998
0.0817559535792203
0.0483071664927042
0.042666657933207
0.0506327082931511
0.0346298482295652
0.0256870371071502
0.0257515060492835
0.0326523536196631
0.0302804600583684
0.0253061082456901
0.0250442069814374
0.0291981741812968
0.0415841836211878
0.0360965561863691
0.0336359603018459
0.038132786890107
0.0200919770261182
0.0161909465006251
0.0172320010540167
0.020711050036978
0.013696391138452
0.0122018656293829
0.0135411958779119
0.0149793790423991
0.0162706986092284
0.0149176309482595
0.0160620020557728
0.0173954895394202
0.0210589408218565
0.0181842188263708
0.0190728387347616
0.0214636805734453
0.0221314143948554
0.0198826903972472
0.0204486621498247
0.0228631927237081
0.0182206038202116
0.01679806446946
0.0170246088100778
0.0186164799867833
0.0185004334881073
0.0167302463292343
0.0160538744517897
0.0179497487838553
0.023261087879481
0.0205603692529744
0.0201840180665496
0.0230974342556656
0.0383210803711387
0.0335862150414001
0.0361458570957283
0.0426384510735398
0.029323957799427
0.0254940023070031
0.0264146722608016
0.0305031577805923
0.033016777061395
0.0271762979737252
0.0272410788483701
0.0348467074961528
0.0538261400759959
0.0437174803951986
0.0491274636687604
0.0936971868096039
0.00268912488393767
0.00304654509512813
0.00309894389357311
0.0027106870701512
0.00327844866863509
0.00339284489009026
0.00352602291387739
0.00337093156790791
0.00337362016658145
0.00355740566874878
0.00354092971239542
0.00333343147711193
0.00266990565136944
0.00307455706150134
0.0030073205523672
0.00258165888143508
0.0034040423574754
0.00332223198209783
0.00349967920772786
0.00356887182483186
0.00315511805452519
0.00291854117601088
0.0030220003886168
0.00331587130432178
0.00336675848128716
0.00303448556519284
0.00297177671085552
0.00334521361082933
0.00362250623418589
0.00356200871695295
0.00355937068904626
0.00362013312566428
0.00354494218990979
0.00347472576840328
0.00323101739058119
0.00331541624245109
0.00323414956942359
0.0028151202141625
0.0025135473965996
0.00296678027603509
0.00244441116178815
0.00200399711017937
0.00131688845136665
0.00161294569098565
0.00280338188432074
0.00270860451963767
0.00181531066325694
0.00190730088741083
0.00244178374455075
0.00288713812741991
0.00266208922928265
0.00222662203729993
0.00323662008170485
0.00346070474968828
0.00323739682339578
0.00301346273016951
0.00255866996694558
0.00274727528793919
0.00190529918922695
0.00183170799694627
0.00192431635257351
0.00226219825431822
0.00172408637085435
0.00167477699742106
0.00497706363643602
0.00500274972605825
0.00487119032916389
0.0047946357497497
0.00502439007204728
0.00502170428697652
0.00493664418990607
0.00492514296052819
0.00479812875623213
0.0048176557327699
0.0046882967661692
0.00466751719360363
0.00459720529965609
0.00471828384388569
0.00457158494470388
0.00441845724671359
0.00498211823462026
0.0049015753635912
0.00479062702500708
0.0048931675895742
0.00478458400181449
0.00464422875420648
0.00443298766935312
0.00463322612209871
0.00444533478425854
0.00419676467143423
0.00398102514875187
0.00425847495647853
0.00476565253966852
0.00463953134690676
0.00447907094734048
0.00462539339709322
0.00448895876549882
0.0043277858569882
0.00419160108071812
0.00436205219996318
0.00409389468917245
0.00380898035072234
0.00368421827657833
0.0039572048121983
0.00384201938473608
0.00359771096913198
0.00353853895972411
0.00373671889982034
0.00423892156273785
0.00406503058339197
0.00393477736406808
0.00410349406462049
0.00428388272349383
0.00445161095737153
0.0043667242337204
0.00420461202062784
0.00455027614220042
0.00456447637570494
0.00445190255023954
0.00445299110351222
0.00436821091231236
0.00434389848751683
0.00422087084736657
0.00427219330081927
0.00417260437183101
0.00430885076733128
0.0042505597213978
0.00415793835699665
0.00187769170670524
0.00235764105669806
0.00204581024227022
0.00176342935556861
0.0029365592663523
0.00351503884941921
0.00312702070394816
0.002558087710385
0.00231427789487593
0.00282012251252947
0.00260622830833708
0.00218366148096199
0.00186525948836078
0.00193408117438636
0.00193771469113645
0.00201097312211621
0.00404039067747783
0.00447790239719513
0.004134075255446
0.00366764690352798
0.00479858435229535
0.00497439872231955
0.00472176372558485
0.00449424621195062
0.00419209828570873
0.00446109714721955
0.00423431769868597
0.00393681840179671
0.00333852437929302
0.00380871199259036
0.00354317228769148
0.00308408166656041
0.00291692039123554
0.00336238846525496
0.00327171175461479
0.0028310088171001
0.00375932821083025
0.0040724553689846
0.00398901763733569
0.00367125865737909
0.00366516086033932
0.00397636849053364
0.00400547497911487
0.00371858711415675
0.00281513996809867
0.00326271169693423
0.00332450122019947
0.00287348733950524
0.0021360233769962
0.00198400708845202
0.00202405988984265
0.00221994518575957
0.00212886208228876
0.00247788752877863
0.00241262340057021
0.00210806045377923
0.00209862901157772
0.00239379879639378
0.00244051917908326
0.00212878721844308
0.00225521388890755
0.00203751124986662
0.00204967381514389
0.00225104657425351
0.0033782365509263
0.00336886989665762
0.00312383571121108
0.00320227551595983
0.00340715712315826
0.00350371129966982
0.00315752570574407
0.00310685733897268
0.00279711193208223
0.0027875870981629
0.00243100367747155
0.00250996410243882
0.00301519694394579
0.00287248265814032
0.00263922687492092
0.00283125281042594
0.00367282065243703
0.00391624014844879
0.00353239490054064
0.00329562437856485
0.00421088811795039
0.0045034370125393
0.0041974677632995
0.00385117606782967
0.00337809967204029
0.00375647016685856
0.00321471680671029
0.00282393520791999
0.00286874744723285
0.00306629764550793
0.00255279242645497
0.00243003383730301
0.00204712844873741
0.00205133135093076
0.00167340533715227
0.00182996828944616
0.00223432444638862
0.00261092739052703
0.00199363352903771
0.0016887421332476
0.00135573100876007
0.0014455856686977
0.00114770268812893
0.00147321188468426
0.00189487674291251
0.00159801097140908
0.00191781254052237
0.00225265839129361
0.00267269400558435
0.00246136151302527
0.00238336700467892
0.00256893062025077
0.00229613968129352
0.00215062175922785
0.00203117362708414
0.0022166887056051
0.00231682657188678
0.00213940297823111
0.00247116707805908
0.00259916865114811
0.00255436634785474
0.00244345427082664
0.00265810603829002
0.0026626219995655
