0.255317394295206
0.583033144576569
0.410159694246049
1.11407972714523
0.537372338357515
1.08836140988816
0.723834898675627
1.12798237426683
0.781837098619003
51.7200589695341
590.158825195093
66.7805545631145
0.862106194304555
1.10117967950994
0.86304070618551
1.75517291567039
0.999172000090063
0.752926331419426
93.3475121436818
21.6886442604151
0.672980153058526
0.941508785247943
95.8203885990554
134.864965511564
2133.45220709942
1799.06817685908
4332.27777425374
4376.64235939738
375.298871297574
1355.94170137266
3564.05814470088
2358.77141497522
3007.84845628852
3578.57465503014
2939.91679266276
1989.38338231358
4299.62285780726
4838.97515421888
4303.59872117302
3345.13002401737
892.839061752635
1459.94374575837
716.852737196054
1064.66095275625
162.577140822799
838.019886971405
198.183402290313
7.14197468815589
4.66877606090326
82.5732961561721
1181.10109574488
68.5247688146414
419.721877574518
1770.27006505909
682.33524258992
458.30532442059
192.647788269256
10.3724936652336
0.545512653101102
9.42660965639851
905.591180698611
563.138541714696
162.342132196174
470.080176827255
0.986883500029684
0.987835752754692
0.205217903912418
1.07113077426134
0.22300570757031
0.453280228729886
0.275791344003967
0.596052436182283
1.00978815913112
0.530649495605219
0.365586726876002
0.545516944422432
0.260498109125067
1.21637192319372
1.2772327091688
1.84573271898068
0.209313881168982
0.170529272436421
0.272084157068712
0.0571089739193505
0.143403624251372
0.296429489453161
0.192107328491782
0.25621646669971
0.149097591263837
0.70601289263201
0.632374702283371
1.11521956062642
0.159680054844159
0.0131538027413819
0.213508965413899
0.39156707469596
0.190804492827469
0.705379325823734
0.616378197917126
0.389157499635312
0.615010067313134
1.48143023702437
6.02359888630625
0.719187914494998
4.31312208141957
39.8859432251728
246.734080029603
12.3594255813933
0.475847659446652
0.215345764668659
0.246129313864677
0.330371410537026
1.00853157110891
0.508133787020838
0.461154609258661
0.473028843219541
0.312210041747746
0.316551570781739
0.275637739250504
0.22155593376468
0.138461681928347
0.0508105135721822
0.121470882737123
0.113239782391537
0.142842801078439
0.271185982029935
0.453833131925138
1.05592515604384
0.63990024923697
0.272799598085093
0.486828849263067
2.13724397207537
0.263211847292412
0.52000515031028
0.0872833671252831
0.435398733633738
0.512265273679829
0.195313178268313
0.35936059079757
0.319413481389185
0.868340865576155
0.918306791479357
0.648864431252261
0.877808218285825
0.257248063587744
0.197521150102437
0.283133451667367
0.354850495439018
0.605751998569602
0.416609584319404
1.17731082452852
0.211360664369882
1.68672326602489
1.36047428182896
1.31828826584667
0.437325487334308
0.783606703218356
1.69492715834785
1.45399921966292
0.600603591573283
0.688477633406311
0.854015302954821
0.359899778750734
0.391364434974845
1.53046004636775
2.02908444730715
0.514806263474263
0.505090728605916
0.185324831744121
0.153286412990334
1.26910274701676
0.497656837064311
0.20678916082966
0.330876178714182
0.455296723123634
0.45618280267924
3.03302613808617
0.295032027936773
10.5621648368205
177.114868479065
0.0631313548032623
0.251184336542344
0.269697631636058
0.210649558521106
7.8255571884419
0.293654677500232
1.44191258163054
45.1080013250114
801.279403270032
124.80922418724
1047.57582132087
495.444089018168
1.58340721412519
1.86919417662698
13.6338477685357
42.8386823058216
3.31869658379669
5.58804430861884
6.05290195970688
8.50834205192409
107.788191012023
43.5053532020777
66.2725384813667
811.636940738807
520.876014963399
265.432661147339
1019.65524646013
2801.55604027783
3.98702217477115
1.52557587371827
2.99506554116662
0.885185821162874
0.598820643005961
1.01821209576188
2.00670446688508
2.24939271895291
5.5150345847408
4.67806326561406
1.38839960682637
12.0356429083977
6.963624405501
0.459209304152314
27.4296859201731
33.2017549502911
301.036513336034
186.104581798554
661.09063826434
1696.92272685997
90.738486736341
15.5321102121197
359.556574714138
178.141202840064
702.01240748735
936.245094876399
308.388708131857
380.336046842863
1958.66751379158
958.634390896618
263.979519218173
597.527664949174
4299.90185762829
2366.36794667993
2931.36197811383
4522.92645619907
1457.12173245754
678.616892260897
1961.5991292443
1778.80625090894
1683.6274969512
1789.67798500439
276.807418885604
745.705033817913
2233.90718093067
2553.14091799732
1295.21303257347
522.26021568998
0.487184891202273
0.886520098156383
1.64011821757738
1.82097784214044
1.86701910693862
1.67283373965617
1.13913097937907
1.96440137927262
5.14791631499426
4.88642964578237
1.67405204921644
4.86193983896953
1.84120668987195
3.38967586704369
1.83173696129322
2.88842619010892
0.966984853821614
0.315900163651513
1.11393001039837
1.96014915241814
0.819320493126742
2.2549243204618
0.906387016223451
0.579762685508716
1.98631434844318
2.05147217602688
1.38811196398781
1.64197481651085
2.9661359483916
2.51423235952197
1.11418625187674
1.48785195474595
2.05806912427749
0.603373588097882
0.209634682692549
0.750460694837091
1.03945451094376
0.824987031198898
0.620954288688819
0.398687200873024
0.058113902428006
1.16329962604951
32.6483174930421
8.84461073179317
0.551913524466566
0.322459982521622
1.08109539403024
0.419785788446024
7.58618332745044
28.0402464727772
73.2816954622991
40.4469737867005
4.00853195302344
1.91016195314341
2.2812834075121
4.89970629524784
3.95149758974704
2.02088124112868
3.27116529522217
0.871038658067666
49.1232193925068
17.0368700962372
1.94716459558269
29.2529325772164
0.826971534159172
0.702547737002349
1.14613725193929
1.13156930090676
1.75433933298197
2.31114189725025
2.24098517906274
2.02994001305911
0.530351771925153
0.690192925907399
0.628071663286998
1.13961372941507
2.43992163877253
1.32582116769816
1.63638428902289
1.96001313309343
1.67423621388719
0.351576286740377
1.49201038351022
2.07971303105717
1.91419752506456
1.88239171433975
1.61787084389957
0.406181053755764
1.98703318238362
0.998899720289736
2.50787323022333
1.53465571172033
1.4225142149651
1.96219478099899
0.580387595348283
0.225260464182783
0.232710835919678
0.547812602503209
0.191908077518625
0.170621895244256
0.262090405229964
1.48433931362311
3.91156235806548
0.453604030672242
1.01912936115038
5.52176723004399
34.152012747655
3.77344842153865
0.336009612013347
0.39626685567773
0.325276720191127
1.0924629231581
0.430476329877075
0.556457010825955
0.150107047670157
0.19639472403771
0.795244233257855
0.555510478477573
0.230272073660689
0.399234405690932
0.0790926857099813
0.275386234946985
0.416924623541584
0.0701519272499993
0.218505455107563
0.129009002476129
0.127087108538244
0.284608850802035
3.80885616080302
0.860658384523244
2.11014124048713
4.84134796167238
1.07658990928058
0.606482278670964
0.968639678487034
0.268318032786172
1.85583600734826
1.6936414763999
0.624566850756462
0.982624331992753
1.16125542476108
1.10349861183365
1.10247184866878
1.68041603553738
0.448752713007996
0.752114066092717
2.11629761903103
1.15995495860072
0.797216102260455
0.863025801096037
3.2432005485943
3.22417399353766
6.02869297508361
4.2215042974293
2.37608062658835
1.2491467776057
1.99259638839221
4.55904394344111
2.2822079398163
2.32191831650376
1.69204614910907
2.45686660597218
2.37576119718327
2.50185942958451
1.51698438665979
0.75108225003268
0.708825564598316
1.73790037692148
0.782676768376427
0.62704846129367
0.666190670423139
1.69146391651706
1.7579854423906
1.48613171423444
0.595329965806289
0.154627984840286
1.03503575576176
1.07537115416899
1.23047854473363
0.708594122097486
0.174815098910346
0.238590843664193
0.786225034410766
0.429050006352753
0.452972428262855
1.31358088470615
0.365805921347982
0.0878076997804016
0.6718923432505
0.472358861138106
0.255868244315737
21.7310751875203
3.86636300580591
3.51944909437171
2.69000891913961
1.6839141198507
1.96997344803705
2.45201357227624
5.98767129377886
4.62041976200281
0.920558667001821
3.85219818635121
1.83442657457303
0.694056458667764
1.93258550691856
0.923359207886033
0.537873054741881
1.44125677208698
3.08353385533652
3.4956466116292
8.81727181132808
7.07426538253341
7.20561718602773
7.76047753479145
6.64548346604942
8.14139444714654
2.23777082729208
1.00804120217833
2.6826046449779
3.60563202803354
3.75231262418824
0.609167503836538
3.93273132723537
3.23379538888145
2.44357410683158
2.45157648255288
2.35503406464878
0.614221442188985
3.49271468034037
3.38080829598063
1.33378758670067
3.01387925251005
66.8440752378433
3.94507681146564
312.804414020815
322.476415566226
10.418274168705
33.7363323881985
159.283039512233
29.8655259159618
1.36925792448968
0.315255386163295
2.23962879251968
1.1954415639974
1.36426235400008
2.50948255652285
1.63683345610866
2.23882555760323
2.92663816166468
4.68803362072587
39.6802292842719
24.1129433878627
1.62811839258273
1.85166283945981
22.1399736527119
34.9776986974038
40.5253883204372
262.080822354932
392.789171113748
41.9459186132015
86.220047134257
541.362962007458
442.033062798861
151.055523420537
170.51980671862
234.333816169412
24.8720613015743
51.314664090931
9.42958632899662
233.042456679817
49.7067344334938
2.69080501654263
478.823759942616
530.548439893842
56.8387156553962
170.204994047443
1037.36361045231
1738.62522886218
151.722172293019
52.2771621848056
2.2135013180622
19.1777905933245
2.2481083567431
0.638275468841107
31.7894860936036
4.42431994362745
0.505710254918003
6.07954273571356
0.209862366286325
0.731716639376055
0.157530681166125
0.278267408412895
0.451907636634641
0.443356428456242
0.369482151601336
0.157024235094263
0.152857914693609
0.11473289804458
0.064849861978766
0.145515603016621
0.452329249385088
0.283116180886708
0.277586407316839
0.101412664022757
9.85193411113177
29.8070791262214
22.6209666210903
8.89827557302936
12.5199455385625
4.05947418603824
0.218189350473427
5.46079166716735
0.788806216564158
0.293394699108831
0.173155579201622
0.403341051287103
9.4211533479948
3.53432840973198
1.75383157575665
1.10525995805915
0.401203668888629
0.175749551053569
0.159901080487995
0.276929548490486
0.236158240106185
0.472430904525781
0.766306782065387
0.48614522608915
0.321903038051292
15.9645713034388
87.2729368492725
0.824176575911264
0.118486353358629
0.185882852139483
0.316897129399126
0.120650933047043
3.68743564779709
31.7099514803084
259.718002516596
63.8231819410119
325.345241790469
2545.07992745946
3288.67359339585
499.499848459992
631.62708781282
3727.37110924668
3808.82392056754
819.767983885731
262.892827274007
554.127523084375
722.173278831566
366.242617243559
287.064815603691
767.167852215913
1010.26623664673
184.347265598478
1178.62634213546
3483.71473699812
2860.4649775633
1695.43558588299
2222.04340130631
2095.28659247466
1271.99395860782
2402.26997001088
245.593779540536
1440.35965278807
2008.92532520239
483.682576222009
0.127212745848079
0.242788928652596
0.41824002201657
0.367667071718183
11.5439728956804
165.805125793249
124.442368920304
21.7570229042425
5.8596966249946
75.3982707474518
28.7059255789524
21.5085959521976
0.260557120393559
1.48439454048773
1.69223920970899
0.581721323896985
1.52372499316126
0.794669121172354
0.757674446205439
3.25819027819108
1.26196657981372
0.561190664983431
1.16556150418043
2.86704852375434
2.48020680150862
1.81495129724574
1.94960598737426
2.77624422080649
3.0812222470123
0.237439496850381
1.50541666488707
2.44092588698112
13.6475790215121
35.6035794821618
3.41036537718319
2.22583116988504
39.962352488332
30.9080045820755
5.1654560488878
1.01967715296138
0.539163508376067
0.761721284789423
0.241599616622534
0.483973030087548
0.674142936695179
1.28167163633015
0.957673148323802
0.127137453105287
0.0805043100479674
0.853072966057355
0.585214887843153
0.219180969706727
0.125097769676442
0.62899137761816
1.12748198762826
0.771162564766816
0.645743982777775
1.37214370623741
0.719980911849145
0.695843655370198
0.249820705869958
0.349420183148318
0.35472684903665
0.21258264035817
13.2908649626447
3.54644543878544
9.48825735345022
74.5479166606555
1.89412521370138
1.67467910751742
2.15251324072583
0.468241551978609
0.705272027320663
1.49803837609062
0.769811482745724
0.315523905554694
111.431494965568
21.322004943317
8.47667439010434
232.417911327611
0.577078771196782
1.81712377239443
0.501094983275245
0.0852479748087941
11.1460911489926
78.1068192290745
49.1393906070203
9.48898443999372
4.39108347839786
268.743569650276
652.623898269135
11.5856742513869
0.157109573278689
0.137212965485982
0.156688830962203
0.281811546190313
980.148759559464
2318.01627334456
1958.61277144358
1645.80571197521
2070.75037949093
574.080525907745
672.420784036994
1563.67065755286
1249.56697924987
1086.77033098574
1490.42270590978
794.445652144256
2023.73429382
1322.47302341475
1335.11631666682
1819.94458340328
1447.20018158139
522.076592106071
67.213428829475
309.884118046124
491.996714872121
1757.15456762674
1279.21638374328
135.050989203905
34.6208921955805
174.878040707353
5.65137919304626
1.0652793834009
38.7257827452045
6.61917385106305
0.155104218117813
0.481178995087466
0.335002614853886
1.20001087418598
50.0656455940151
10.102767551198
41.7308060137554
895.489860908018
610.265822337565
323.675082463574
465.318451317365
342.025766542125
29.110684458299
468.955136098581
243.400985612925
337.721958676117
555.026239334913
713.488782898387
0.552422000644769
0.330209841334067
0.204356081301041
0.798697576692182
0.387296168806677
0.269011756434343
0.400241237471617
0.36810648055638
0.147534601904022
0.380771463026466
0.275746198306785
0.208994514263276
0.561471043480711
0.190359117708086
0.295366218736635
0.48085104769787
0.232578760645013
0.475737100283514
0.56756528246148
0.274355435929715
0.315877772601533
0
0
0.286510856509978
0.183568066150679
0
0
0.106457323141412
0.316579776051583
0.402276646930231
0.346315300289166
0.240120362561282
0.141852900702709
0.0963325118608783
0.55457516863669
0.389646465190952
0.278499750524353
0
0
0.464215575340728
0.555630489616215
0
0
0.456972908544943
0.398915862874432
1.27447131833391
1.80962825568995
1.74802240876652
0.103484693308694
0.171287703910347
0.269848051370928
0.358333952397847
0.271034938027111
0.0563062638499167
0.141840142492625
0.099826603643023
0.134869553241948
0.423166285003107
0.788405275798867
0.89862074294393
0.205188146966837
0.395020013812634
0.735001286148414
1.31450551775642
8.74451940595765
0.986794824368654
0.653397351356432
4.38832464596764
2.02099193652441
1.2889865232953
2.83781189301806
0.485553486261243
1.65348079748812
6.49369654501954
2.01364391565015
0.84593251103572
0.801520620562307
1.18961208409238
1.48153318157431
1.87163502821999
0.74136854826869
2.62012421315385
3.08147948009829
3.60647031244203
1.90155920623631
0
0
0.542769393204645
39.2760449818414
0
0
1331.9326966367
12.5874763083627
46.8214610230379
48.6890602741771
89.3400877827445
10.1771499739979
274.673083619265
12.5286499453512
4.52957171372433
758.943043836102
0
0
63.0061469597698
1.96621770109924
0
0
0.113300128351497
2.11524330346081
3.87073355267342
0.297190207111404
0.19987223968833
0.452159992494566
0.399502412264893
0.671208987523353
0.208808240758319
0.0872432793185972
0.670359558413969
1.35525184272244
0.99155240643138
1.49345307934346
1.57073459011502
0.0568056237447859
0.343565313832054
0.795614620792263
1.38063897397373
0.486563818048837
0.631013171545259
0
0
0.26429188725569
0.22620236209049
0
0
0.307313351628561
0.322244890059769
0.467165123113313
0.338585729533899
0.332518041585043
0.345442368133099
0.601707908355101
0.570198005360889
0.255770295472118
0.399730625902554
0
0
0.238999255748895
0.267432842649316
0
0
0.343679478101316
0.263672944307648
0.204033701117002
0.302968515785625
0.411184765942876
0.328363071122774
0.226511595327896
0.192997541553532
0.352202010115859
0.328020183821811
0.518486239811912
0.469844700704304
0.305224536013795
0.214658412732091
0.230317436721478
0.291285717741755
0.451867044068589
0.285364300563694
0.306808109729239
0.290791958810225
0.299819732825781
0.12617413590973
0.529705362069822
0.843757329702155
0.265627776983836
0.0872811737102428
0.421687455985206
0.36146864481264
0.19893616455171
0.0874641904746361
0.422157025442691
0.56296910127454
0.221323473000782
0.289174634546785
0.315296270642151
0.576835980992631
0.178650624413518
0.130610794817246
0.264836273202124
0.411609180069943
0.240499008444481
0.307616341741128
0.228762839626819
0.872160379484178
0.473192107598003
0.606638537162372
0.851716975579464
0.573780613209247
0.279977573659304
0.495421507355799
0.543793561184156
0.630001893299139
1.17081650173521
0.90233582052289
0.300894873456043
0.40696263281703
0.273442089192473
0.134010456280176
0.325730217356292
0.0836303147652397
0.121201122297059
0.031931790784016
0.249799610278654
0
0
0.411371350392564
0.492273720109973
0
0
0.474221356067865
0.53139022546912
0.424076667911817
0.980381912078508
1.13544473874527
0.608865549766418
0.873904121471139
0.288088332066676
1.01220471788219
0.383145590179684
0
0
0.142912889983346
0.260455557344481
0
0
0.33502878905478
1.1453329133442
0.916487606031485
0.340723448541715
0.1149535856026
0.1485956309307
0.665332765456362
0.766095938720086
0.242349412748421
0.233866879119529
0.0953204578625628
1.35970319075433
0.915931328255261
0.332107485594807
0.815188064657871
0.195628142904031
0.230596218804626
0.0931348991084577
0.302674950352773
0.496540289414223
0.267770256714232
0.100854033600825
0.262744045981081
0.185713475343784
0.0628378795777718
0.553655616297095
0.32430624185362
0.400354100678367
0.347417744441839
0.148467079342628
0.693213720848834
0.298887958567367
0.242527172615801
0.279482610399978
0.316810186911262
0.447838010423151
0.296901520953748
0.514809310957761
0.552580323644593
0.473746341619788
0.445406176208484
0.526237487722035
1.56045780653021
2.4138473172259
0.694665493777208
0.383741778839058
0.775546852934454
0.999403590036428
0.600577759552973
0.61978235090574
0.249033593429682
0.370441807274445
0.735099826696397
1.19931745782555
3.72029635251323
97.9206619265392
37.7255579754416
1.93116273497648
2.80208236716283
14.3325363724557
60.2261252796658
353.62052172892
207.580663553822
60.2602809307247
561.521388420592
521.803038843093
111.370953252806
166.659828755785
698.317390832569
0.223821252504781
0.762866393174081
0.259580561683561
0.0402673377208021
0.941603153426082
1.07753089429713
17.4936283056764
1.94755893618543
87.8248980154077
192.473631917078
1838.56540970998
1861.72659449092
4.24210562648563
7.69033351598964
1059.3170349358
59.8724267071712
0.774745777199483
1.10997286593171
1.8274654843594
0.111119070857833
0.143403862142791
0.0552785656482141
0.128753626111711
0.227001073644579
0.300906049711541
0.269767942941175
0.205942783447571
0.312136488908818
0.839217417337665
0.503583714179904
0.592106982160236
1.53125261357242
0.0540082481506825
0.202502381852774
0.398133756206593
0.333798047726189
0.221290859399585
0.0433875049822052
0.0963485332686105
0.352504424664611
0.114171170967746
0.108651075449371
0.196104039397425
0.176715420228974
0.10910806920197
0.160138670887907
0.287498550675712
0.145826065898558
0.67771841468558
0.125392963800608
12.6460905897566
3.80652141383911
0.329303199128281
0.153012395775054
21.5277841322476
30.595669660866
353.754723029592
254.309040448973
259.531951552966
460.286549743581
61.3733247978568
78.1051815062839
253.266839093814
170.97201390058
0.331285393416126
1.00341165677489
0.0912838443471243
0.222569831921417
0.917345824412344
0.978179895488794
0.969892918819228
0.172363481210119
1.5594309105375
15.5283639604252
68.6410112460327
3.63728498543162
0.624734038250487
0.536148312654952
0.492549086162318
21.4370140314955
0.217222018483852
0.178694316902684
0.263921652363187
0.073660560877582
0.274285139322094
0.507529487145818
0.21199050037848
0.350837355471356
0.196762750535163
0.268899202988491
1.17526583001349
0.466865102183946
0.0818199191124031
0.220762372154733
0.0679255464130354
0.275591872694036
0.248203610278862
0.135001814618291
0.215723264840178
0.162453482643717
0.133472510735023
0.313838203138274
0.255839066148781
0.257735008805384
0.0766295242385242
0.152832935873083
0.0641950400404029
0.20073207984915
0.286374667676833
0.0624326858169888
0.226243701294455
1.07395323103395
0.299893922605791
0.303495962458617
0.463397146574778
3.69598149861137
0.305653730062056
0.116983301879762
0.177061705497276
0.221587739271572
19.4793701766245
16.2554883342917
644.83541619022
713.033180846693
25.0526282388427
12.3152758302782
272.476277532422
141.375715418389
0.172828815081986
0.386443599997131
28.6446499994091
21.5807006004749
0.818765858018736
0.621874839941044
23.3143068616494
42.8628700676956
275.997028544103
122.295785512427
301.014116923816
185.779183506783
337.534794351346
441.6879045692
537.749749116769
355.828137292517
0.677356119857705
0.919831316269149
0.808473256447117
1.12767591964004
0.502090493355182
0.519105592546204
0.706025133797456
0.0844151195075008
0.477989871366589
0.31359420020181
0.612397101863231
0.564531342684435
0.472503391270716
1.09887581975682
0.314155671390157
0.599070827294006
0.257403273052465
0.519725073791611
0.149127802868312
0.336980749051941
0.188250619594511
0.127812475044701
3.45108164777282
0.45113925114742
1.42537913802566
13.3160540119403
17.8118707840028
0.932147513509875
0.445686689277723
1.04743898657063
0.198584432350082
0.589545184410494
2.81365877869619
5.0600103940443
12.3128713046475
52.51089502213
4.28237301866697
9.00471116564283
18.7058071901062
77.5712363980851
853.48118673177
377.714017177953
278.243416092947
419.16020143254
503.691036667244
796.998160450829
687.175180993017
684.479273818907
13.277192008662
54.4072946438789
314.196693033566
78.8877871588629
30.7204611600753
4.44329999123133
201.275337912969
252.152043052424
3024.80690916187
986.987585856826
1227.1854885977
3733.44362499345
1269.76570323374
2856.93283940627
4786.87952629055
2055.57726416938
0.421527675791499
0.692045496382472
6.8458930207709
36.2531605826039
0.204764640201658
0.391616959016448
0.728527807689033
0.91174436960473
8.37843638377411
21.3833515607032
113.832412714626
72.37135599416
133.747658924588
63.3178434443945
247.224199709306
218.442424920739
0.0737625134555739
0.380565436151112
0.449890904837698
0.184418293241231
0.447911609371552
0.0946883872689276
0.498220853044976
0.530850831375036
3.50563194526823
2.146142786965
45.8219766393638
80.7687510199044
7.72691473736688
5.00558243404396
105.35557983833
129.167273811731
1731.5506153944
1588.38504388741
2619.54240460891
2295.39703200272
1487.59798506357
1065.59309299795
1566.61715352545
1995.51362858304
1913.49076846789
854.701939081327
1698.55144652022
2199.51919719608
1597.75934760829
1957.2593581217
1919.92286953146
1448.77760100367
204.524357521542
900.74616815825
159.905879441428
66.7035491935471
2083.06195407931
2495.55910232858
1737.43667758642
514.418881198473
141.381096053054
515.499755616687
977.969919328438
251.004033277781
7.96298189639367
9.48780093871531
3.5715167973483
9.35300272822032
0.226150880388835
0.371891711829839
0.232414485074739
0.312305092692231
0.152771225421812
0.243939631801578
0.0776453234845886
0.050291823507538
0.152592203670597
0.161087908383487
0.144256321440958
0.189996440412231
0.722824884045807
0.0802918114792112
4.61691786768146
20.2600897388398
0.173176271379708
1.3511907811016
0.123589841370809
0.131352862085673
14.5698096777987
555.44039657615
27.8036061319339
1.81392428975984
0.521903769530943
0.757697144085377
0.27521891201051
0.586457867764525
0.108053305182943
0.149435973976894
0.5168765802547
0.166409010484086
0.371188973144103
0.453433647026495
8.10458024132698
6.93577736793254
0.767362058775844
2.29855419711279
58.5612518350057
14.8413419456045
276.79187760904
528.633908181543
1186.00747080852
1138.74381943104
93.250482639422
97.8566578432964
162.949505029163
315.228438856975
539.983158547474
93.1550545998597
567.441059763497
1152.75604478536
16.0054929759984
0.454925367170941
65.3949439894163
238.206498491038
934.848954363117
347.331338995884
833.509346914452
1634.26662000855
496.95072011173
412.763901463923
740.482406134526
824.029481291823
0.322879406150316
0.0966922992810791
0.272435515572785
0.248932090080886
0.21187007524444
0.0423447296206391
0.217227833411953
0.0633403298765106
0.381537568160343
0.0761585606103012
0.379228015400552
0.396562048057782
0.278276262016723
0.216467311542135
0.138158324935126
0.173199992447198
0.084489594132812
0.359282893228538
0.0827825849889854
0.0675070614722509
26.7860011390747
946.955841582298
226.96756326963
31.0146298407958
8.65123373468544
45.403072537503
2.24422355048896
0.404510426881547
0.0562305739994851
0.49052789292224
0.214614599313752
0.41695468043511
0.720302243571845
0.738905990096166
0.199686190109111
0.296659074332645
1.99188719186583
1.18683400016749
0.498206315625457
0.26647310817573
0.597808747946842
0.394971704363566
0.304340441588793
0.128151336698617
0.323886486020344
0.80923678040559
0.288902232694274
0.110629534142001
0.104802815086875
0.173301365552801
0.12840841866132
0.114138263215277
0.181098111604162
0.155083941559876
0.282784404089554
0.122009413953523
0.106153953559077
0.258607175890787
0.109900727910883
0.26078696036886
0.102373568567616
0.127391222180597
0.140551693436272
0.125804122482815
2.33224281484896
0.239186607254392
0.150134948126443
3.16386311035544
0.691330266151438
0.148171033381831
0.693495091190706
1.25225938952522
0.798075355799103
0.728986798650353
0.261409371280248
0.392914554731909
0.823390158735368
0.485051246588152
0.547156404155135
0.100636839827522
1.62124198824938
17.5062673021228
6.52879696979994
1.65262629757124
460.495479361255
560.71921774436
88.32143908622
30.7780021315763
1.45404917865219
1.05158155840991
0.160686859562439
0.474443812472127
0.49027543264593
1.02201526487718
0.278138858549922
0.324915177602861
0.149094815455791
0.148757783081965
0.215400790396186
0.160715037396822
0.283440356063535
0.190784581740125
0.130488064079686
0.103220863809136
0.0907886210533355
0.271960943567338
0.444286128669186
0.151855374376927
0.255486188483493
0.494821306474026
0.902604690892658
0.357876716989485
0.14492734151208
0.132592252587166
0.163114116142354
0.111695069333138
0.246487024402185
0.0665010685499214
0.216162409675196
0.281018771893781
0.194092206075033
0.143809574437072
0.224701431273818
0.165495257693116
0.0734531084967051
0.359284783466019
0.199933683637314
0.0862302041458906
0.188925622356348
0.17135113234134
0.247556417837323
0.160379100002292
0.12831221418571
0.136726295157782
0.169435462633271
0.182610629376967
0.112135203887261
0.0522270918307541
0.132313373412262
0.165322091738274
0.0694221694104711
0.103474418392258
0.0735922353489445
0.115409927309613
0.459654421284438
0.480484198097753
0.324304767473805
0.121209356387907
0.634760011274623
0.28154998963136
0.672183599908081
0.773315290116838
0.354138172263394
0.3527983863011
0.545971566617782
1.21554503798962
0.310175995259438
0.241907496161826
0.537266206392486
0.529956082962803
0.438075915664162
0.294523483499231
0.199458577030261
0.0492410773213671
0.515762849181864
0.389196026566962
0.38386510261695
0.351617222037657
0.427616030725074
0.188241724640869
0.162421655683044
0.209687710879161
0.362166283009515
0.252084665608703
0.246296988968141
0.135440942028694
0.0289147114656627
0.07135765619429
0.218900567743537
0.132050229825717
0.238910511576745
0.213977809108705
0.147185837225998
0.164845256095368
0.344970513724968
0.266408643119332
0.21929190987829
0.105255364613837
0.257001526817256
0.210916502048594
0.136461844116104
0.057025969801952
0.1625822901792
0.11296442642462
0.472447439881588
0.485900705158677
0.217449907718081
0.660325257835828
2.22146492622999
0.728668278056373
0.941931514190461
5.85838960504591
6.93339644442928
0.139705501015238
0.17900645677922
1.29341952280621
1.31660362423969
0.149334924799756
77.0158540834199
2029.85187308105
1210.64366533337
137.878109131878
1980.43287311366
87.2043400740252
9.91302825151335
330.53105605556
18.0854726499744
3.5449089574262
0.519331827883429
1.98044689574265
76.5462438187957
213.988472190804
8.25666327144904
13.837407637269
4.45337124640296
1.36389080430433
0.805617387812037
0.733131113795183
0.344168865563012
0.140772398485613
0.200609680559288
0.0521017494562272
0.220172202907867
0.137425283540417
0.109831973138293
0.0885595017672054
0.358183028514191
0.382227274515529
0.129450043270378
0.134275910252619
0.23773898724205
0.770465787926382
0.434919023841183
0.327152668458534
1.13894710837736
1.85873360827932
0.115355603848089
0.943291739925688
0.58706503852496
0.20284120927101
0.067293252514207
0.323874249838226
0.35923237375541
0.486804090180541
0.257976219301845
0.343214259020623
0
0
0.435019709202598
0.373225858428805
0
0
0.21855641664635
0.169574135795344
0.371161544207854
0.820656575915516
0.268808866202824
0.894406766926645
1.13935201472143
1.06372886482123
1.29879523160736
1.01110823042766
0
0
0.197666890316886
0.194472486489142
0
0
0.154211308192882
0.231862424784304
0.454379241397919
0.326145841429381
0.242147394805759
0.824472677458688
0.653194607779597
0.174946347671228
0.282489073393047
0.625556155108122
0.760208628787123
0.442514990085865
0.39687459472497
0.317152108146102
0.0661085155488429
0.145568014860383
0.900315537182692
0.800057414630102
1.41326887844632
0.7958406963963
0.345849797008688
0.301035561535606
0.768557247522367
0.408190927601918
0.216482361926252
0.928437638369457
0.868045536368986
1.17642022419114
1.23686185907598
0.718017249079837
0.80759880604846
0.239380334153559
0.682865620222207
0.760852143150622
0.385575999720391
0.584754117420748
0.78291813857472
0.352085127168945
0.585990662452889
0.615763753270773
0.231022715779446
0.319866472839326
0
0
0.369904753743456
0.289141928010781
0
0
0.561445488616008
0.35814198002914
1.1317650813888
16.1689740838886
108.835419434957
96.0977737337505
1.17408961065475
2.68799632004463
55.9061460429788
21.0807958142277
0
0
361.73950692092
1.66305539984328
0
0
2.08488697869651
312.512323211641
6.36326104467644
0.347324551473411
1.27871675899673
1.41072183426284
265.263660803241
170.31362947449
12.9397145514833
110.263017434694
17.0075461717575
0.457867028472552
0.25816645324427
3.9778002633426
0.0625293988898253
2.10065145866503
2.01156062237175
0.146558974344886
0.156354613709894
1.61265615291773
0.387648159483192
0.237599496599387
0.987435911422899
0.347236377314186
0.724309978628173
0.238523920137712
175.509771681233
369.18220103739
1044.38667798747
312.012644950319
431.506088890733
192.40991686497
49.8213328498171
585.842458797559
336.786054645674
31.5583475331715
16.871678764301
112.254987540773
563.729863938129
1774.1528490002
1322.33576802274
734.180912190591
1.20835716578318
0.374255659341527
2.43782084238552
0.997101851498001
1.30547301959877
0.629786956916273
0.412096251814827
1.47387346529811
1.89502681129438
2.09987968787663
1.516091159661
0.253730236422008
0.791555808659796
1.05853840106708
1.33934083819481
1.62589910709142
0.306046285302695
0.411524004576656
0.339183381107569
0.738109727684316
0.206112962622206
0
0
0.359666541021513
0.349163823361232
0
0
0.301686683979042
0.76099428322641
0.26969504794193
1.22615870898235
1.58209141445655
0.375593214309074
1.05598010254323
0.573848984760169
1.63588896933567
0.34433080477265
0
0
0.284327512888475
0.526610513427321
0
0
0.443224278463588
2.11934592079715
1.80539130756058
1.15842586735729
0.274760116705316
0.517644236099218
1.41620245094075
0.279880561050149
0.469942092439015
1.87632194880608
0.802334682949331
2.16291576469538
1.53501431630561
0.291960714216775
1.61814980716594
0.575671864856286
1.17048533509178
0.385260427634081
0.353597631682324
0.660884216446645
0.388210001286709
0
0
0.38617958563128
0.260594048310196
0
0
0.370235215374127
0.321588539448127
0.845092454451483
0.456071795653747
0.67681788596002
0.492792835353281
0.540748124655275
1.17055211201168
1.06256521831911
1.07846224133836
0
0
36.2623626822941
0.952116146434461
0
0
0.608508987164436
0.814798452346428
45.7715646002117
7.1318944326244
11.2512329429712
4.09647272198223
0.729474222982373
7.11063883852565
1.11252005543425
0.424884493477179
0.169928228347749
0.591743017931562
0.82755507644265
0.211569995633203
6.10070161035169
50.9401276197655
45.9984607525817
4.88345133061517
5.69933068736681
65.6498924588385
65.8260523092549
4.72755445479508
0.159591197278488
0.5940068698154
1.17573886367126
0.557843436602958
0.912893593605274
0.509044952524561
0.451730978866128
0.559455498338082
0.723609884026112
0.226921554580354
0.320535646928014
0.27994588711202
0.128046622766778
0.719611661173595
0.519013475360326
0.504880523383941
0.205543526762636
0.62399815676235
0.456750519114467
0.067262657631993
20.4585478599252
15.9122554203996
40.8355594012953
31.0146633026906
0.718338516255411
0.219151363695618
0.394373937965
0.461906739584838
0.51631838141872
0.260107945662356
0.470602895742228
0.910942801010874
38.6250243091102
9.33996529183076
1.96106449967383
2.79794369882952
0.651265153356088
0.232172437568205
0.46026740266039
0.360883125985071
0.192305843613623
0.247378691147801
0.51643606082006
0.354955499775232
0.311342510977899
0.308800625430099
0.518537772021892
0.162787348111787
0.192320530629619
0.421659878384877
0.74349487720011
0.400371477816955
0.655857757419676
0.429981610615923
1.00750442080558
0.325774170960992
0.121191095579377
0.334357929508743
0.734482541315552
1.22797601939297
1.2400409473741
1.41340382775068
1.93790335301985
2.29404808589039
1.77303254223668
0.8323047994043
1.25732084946665
0.839271394913271
1.5721120986956
1.23044060843937
1.50459891617964
0.914320997455767
0.329115366398058
0.394283668307363
0.789615201477807
1.28159082507341
0.955846901464075
1.66887875038812
1.50295388969302
1.59186508019833
0.457646003162586
0.0988704006528416
1.27411128664713
0.695019520844074
60.5469877791731
2.48200757713916
6.41770217293679
132.065092359641
0.435208967912461
0.272265785605481
0.0853340681749181
0.241120535148543
0.536874281559112
0.195143641505169
0.667033095924079
0.145663879807992
81.4913558258071
0.303792280013084
0.733365550568285
67.6879908965406
0.447806365668424
15.6395171502508
18.8168425512751
0.402898038454777
153.092930206161
458.638190272411
562.417252489753
156.515594780462
36.4209566381987
117.636388601426
7.75699710955547
1.1112822628339
0.517476442405706
3.39223484367017
0.620134167083546
0.844460320940637
0.112873052193332
0.458597837163077
0.270038087299083
0.136261512221225
1.71365251780893
1.15143158269258
0.264610369717997
0.215182002055575
0.10574796235483
0.235304959415218
0.296571097815174
0.414263994325229
0.0962653444848551
0.2433388834165
0.170793455920646
0.234923608181067
16.7810714218811
1.10067925589777
0.695358570903395
0.393136913804369
0.32917150150668
0.370664371131522
0.193879396912648
0.554713229072086
0.176633802403973
0.361695399545701
0.270986420680598
0.343671883256634
0.369297769640287
0.485588920140537
1.61126377471592
4.03095500254871
101.646168367795
45.689328014244
273.593782844869
385.761017145358
1.89946259034984
0.220557413335749
0.459873370944583
37.9644044505525
40.6221710199231
2.31039918096822
5.29305518578403
77.5604494720901
764.95994122751
763.858265422175
858.437378512065
742.368878332341
0.0170996238210836
0.0936217645794465
0.257315677214081
0.404201352568619
0.268318489718908
0.143025609100684
0.141039135473297
0.150892126073946
0.46942287370537
0.375982916491063
0.059902114041349
0.214760816290774
0.547460819001908
0.234090883510125
0.187321216413851
0.642419063675298
0.692940779103278
0.945524603599498
0.174624669078972
2.4242008045533
0.722905947483448
0.18625643320377
1.84957729127619
2.13914065318299
0.5972727464773
2.94072036985123
77.6851179816226
49.1773326873111
0.248461012991007
1.57290159448716
0.434071369547861
1.01330947585336
379.215241637888
293.063063696969
76.4944822472349
12.6968463438407
91.2889481828889
14.2155047462677
7.48779303267353
71.2568022113764
35.9677259436678
12.4460745625289
0.497745788282799
1.81356050713904
1.21982064780422
10.4036296499507
0.171531866458418
8.70455841361144
0.921048653676483
1.17635043137505
1.04431952452169
0.613307793636464
1.26497937357101
1.15500010535473
1.41394917749635
1.34438195100884
0.802740212640814
0.480436683194245
0.375284668936665
0.45221365718797
1.0885040065404
1.30081399534069
0.363789591083373
0.279806455639968
0.931058472442281
1.00924321263406
0.959728306119394
0.690044234219153
1.80315465667347
2.53972009698409
0.993379135229726
1.90137387406392
1.32150740759407
1.2910013845386
0.566729319160416
0.475258190726582
0.30970141884554
0.720867743428892
0.667252577882185
0.333236189289585
0.223118848467313
0.299359007540567
0.0857117435729555
0.310698394240926
0.349377260625818
0.43545280256089
0.604056185269607
0.170743829802431
0.122166025296272
0.194932891870863
0.0613339807040693
0.138083436402258
0.316113667511554
0.0747003130105954
0.13326711773771
0.116696681557178
16.7837438893707
5.31264147703266
14.120912227006
68.9769553351741
0.335245214772622
0.344431439623674
0.0689020741483383
0.0617528948352001
0.320916311530129
0.066087802710153
0.0467616971000927
0.241676331071102
44.6147662584337
2.99732534845291
18.5391865377706
232.437657655858
40.6406112947815
467.792175884341
1553.72388159285
254.867772033653
802.117175663277
286.748688797762
76.1226973676627
1792.7154738766
1846.60288297046
95.7895117984362
244.084615912236
1581.40164599691
1113.05038233807
2215.74918309742
2047.54596357881
1197.60302963406
252.66702764154
149.144299164458
38.0158837324148
27.4878279830767
19.1964371381309
1.97176898924999
1.27939394929993
38.9084844606358
74.8509504190066
9.37359415169966
12.3104506169797
41.8872626298543
12.250121966474
13.2377342087368
49.485983019914
115.575660758251
611.517967135163
385.59001354297
219.982577712386
371.688715044615
103.103523534258
2.38791097484832
0.94945906436808
91.9363257302228
5.99352621922455
0.606266406498395
0.145750280999523
2.57558281301808
325.062321888116
144.052056540899
76.6180269745816
382.916069353415
222.610835346909
1424.09503488988
204.623838113578
11.7099006980774
1767.03348033809
529.863113139861
561.855484179088
1258.14703253268
648.050541140013
935.411639977512
1188.90895243595
334.367691739692
29.8418644998076
61.1026755529888
16.6655296852155
231.669592759487
777.628438338053
1074.55120198678
1424.35929367716
478.449810054961
877.221404492541
179.765291542951
751.695825401336
1119.95362899121
1562.31080113398
826.097990489327
1456.37172106961
2056.76453687224
1174.52970656617
1874.76462543191
1546.88613700618
833.833283524248
80.3904152133444
2.55223618068961
10.2847949435722
214.971874118263
0.08583220879897
0.0878537217778711
0.488849377494078
0.203049180228664
2.44065359759564
0.829210528204969
0.785694737720233
20.5255010684172
579.226084323947
89.43959957698
203.907254114729
997.152751268878
442.838521694357
351.520425433522
471.757782385529
487.692929174228
27.4935405469526
1.31238075256908
1.26142555751026
89.5321807192562
10.3406128217535
0.577043498509759
1.33751836139534
2.78924337832703
21.0645209513801
42.5522650117978
4.3298405865969
6.18723356719262
101.527993155383
369.737404603511
211.801273857328
42.6308138866472
928.518123501022
843.622576403312
549.824443836555
431.060054091727
5.94377274222916
21.1591380936271
9.55011576757554
9.67159381188498
2.10162121701561
3.10998399924488
4.25983470506672
2.57465222317624
1381.61441188174
916.749776867195
234.043233825435
1078.39042529843
113.258766155043
0.774559883020858
2.22207736186274
95.0113631915892
43.1868401875325
4.12239477823918
7.87994051684639
105.57876117946
391.07306655849
306.875661009442
572.536727111249
426.521873385473
0.414224990114655
0.19130004856383
0.248284554869904
0.555777260332813
0.282559518383627
0.20612897937538
0.349348288815948
0.185133754181448
0.142003949283614
0.347217543401377
0.153092721766703
0.100270659143922
0.367859872661062
0.226115139334127
0.0442894903895636
0.260084040211002
0.741916377235932
0.0346127074991914
0.0777408307519508
2.06333551491979
0.159408283544782
0.0349578613127849
0.15052713662194
0.220815344974857
0.222923307941093
0.0343059996915001
0.0347630365872958
0.0953674870129836
7.2051432894941
0.246102060570185
0.696431680042898
45.6190257051645
1091.0662635131
757.644607940562
1190.48717232499
1837.7014982546
354.350668496033
33.4915630849825
101.011518655137
669.679896349021
859.403644897095
378.806617312866
375.530934685056
903.59067952495
1593.39609294474
939.304562973255
809.34303879743
955.992244347589
2.737402435007
21.8209880345101
117.998184650577
0.956500800381932
770.912518271975
1054.33523248471
530.681430883123
771.762126939619
646.227790452521
173.764945009022
31.4122037266194
309.456930094774
82.7359205242774
482.04841678285
663.295432224487
215.628597818083
359.393607028344
6.20310202320912
0.356815869639671
50.9874626646795
0.284766912434957
0.140996755546477
0.0534569821536984
0.0280886111052518
0.104109736418542
0.0710634518361871
0.0389426305031242
0.0336444007199885
2.60877351576034
0.0985957293106963
0.0171727277271253
0.1625337305478
0.0374696405236784
0.0374036517428573
0.0408815311760193
0.0388017534995934
0.0681953401658558
0.057992841122529
0.0556142416443865
0.0723638473478053
0.0265606018373261
0.0799936899179492
0.0309906612967426
0.0580110292477556
0.0634124439761777
0.0744473560897325
0.115601633367504
0.179654169642007
391.818388188861
613.009733700518
651.841148334759
293.445511979747
126.401511183406
7.34782632212159
1.21348967738264
24.4832838060353
22.4703924466051
0.542216719602661
0.405714425624157
66.7838665010442
182.605884745926
355.330242297222
273.540197007543
372.881285504491
1.69208215843253
1.9949840410393
0.520130967906095
0.235995922224882
0.660848402486424
1.06083817259149
0.908815959902336
0.994167279897436
0.558264763971274
0.616083306295862
0.79099405113197
0.438484632741497
0.352601623328263
0.576503332612187
1.06929980331444
1.73604591580353
1.85653252693952
2.14081316137084
1.17031063333366
0.973688025970349
0.824097516518016
1.11745367512903
0.455538268462998
0.604138430258165
0.32897527335401
0.484515745126045
1.21035832572206
0.243474342103633
0.385078988530562
0.456562689780801
1.03501118298399
1.20700889273302
1.83465087562687
1.55112346160561
2.18836386425393
2.50824304553981
0.173468276792686
1.89546727711599
1.9200084163756
0.685706780710882
0.872733778565526
1.50223030026044
0.64542895732033
1.61087007408613
0.880736492435279
1.95978136924922
5.54566511872896
7.16708255128755
2.2171758432946
1.27079867935115
0.723663736885455
3.38892405081334
0.211965559335329
1.0337584713564
1.33083542775623
0.556088019862753
0.38483349771393
0.226247114818499
5.30280194633456
2.3094021199716
1.80019359431733
1.11610854458001
0.269113627885917
1.40907149440857
0.436002109031315
1.30119970408012
0.570207664143343
0.782635902792776
0.912520184144701
0.495908061147579
1.88139807973081
1.65909471364903
2.23332903465472
2.91012433553897
2.49288367648381
2.13943829096253
1.41336055978993
0.18984982327352
0.560173353518319
1.26687587994833
0.825026048482448
1.01118379137991
1.13173905136236
0.908645902894317
0.801306222015841
1.33002352329404
1.28360105227508
1.93338540039836
1.70090723878756
1.96067581991602
2.02741742670318
1.59944179491352
1.58587990485097
0.525522683395423
0.45968901649699
1.77117843257338
1.5276739679086
0.654093911862996
0.298425301767134
0.301418889609734
0.434724349824007
1.6711264753781
0.451549928228561
0.192323351809698
0.271780819960423
0.247567873806493
0.278239334377456
0.256424363968806
0.350721669933005
0.494340632899385
0.383679714019068
0.693507666705328
0.739414971310983
0.774727208234617
0.977527408370336
0.272354556168254
1.57282139441509
1.65939681592587
1.04536905557018
1.35247359635836
1.29976002345114
0.178068768758809
0.177553359419031
0.738985176739431
0.100783357167285
1.29060769266754
1.60619919419777
0.444605964836718
3.41486975068661
3.10200001268815
0.647987317659549
1.93749877588122
1.36554917595585
0.221268559747809
0.949554973945735
0.582229736114198
0.437675637705571
0.701489484667722
0.761023612896719
0.942064479549974
2.25467519417024
0.337036829521692
1.97899644692964
0.258295606041042
0.898902034864224
0.730323402518095
0.826233355230846
1.18884491912325
0.354853877306795
0.337317421630958
0.442672028405786
0.232022200857558
0.413931767086096
1.02370475506389
1.44550878406343
0.632404808581702
0.615466707203533
0.526988521370037
0.435323121597189
0.542467335256996
0.38034194246743
0.397585860123629
0.540520425577583
0.574214985935914
0.77008949739897
1.29981667329512
0.970310624754628
0.694342893873731
0.691730997386024
0.855815328581444
0.800491651798817
0.602794789381907
0.465236400575156
0.426049119138597
0.546763369765108
0.0876658050294838
0.766172145071946
0.635524387157939
0.364724446461144
0.307499384555335
0.607471468643692
0.442361737253454
0.605942058849149
0.250022828547356
0.304612724245413
0.10841326879449
0.370091630165353
0.543299208164694
0.696345543802883
0.871268325188595
0.280366143687735
0.404610388662375
0.149339489560238
0.143941149374131
0.708755403207952
0.357398801041945
1.04434181955428
1.70331855019043
0.964799151789402
0.892757272447922
0.719146922005353
0.568233101151543
0.258854148916809
0.746136017179357
0.348843288061738
1.16972753548427
0.773504571080216
0.204173878501534
1.58256486928152
1.25218286329395
0.616840811058432
0.949645729463185
0.880082773421942
0.852808101171427
0.866271792181818
0.435548037940796
0.180276566054731
0.561691896369498
0.315730133029937
0.625112926380372
0.320966363343391
0.319031619414887
0.146176335065986
0.206971943611063
0.171298038514623
0.163452115501136
0.524256593381754
0.250034414691967
0.426688717294992
0.298744458860562
0.347989367635879
0.446831138589895
0.839455473068669
1.03720022405031
2.45636418603753
0.468114266735471
0.300998451104084
0.586871276909233
1.29738886871883
1.82276737745769
0.460457450887516
0.361689254113199
1.012985387073
0.410137784716183
0.760598982844806
0.272611569788284
0.611691946065272
0.48413284686307
1.33359401841492
1.34744597763747
2.66977851216307
0.743075283527967
0.522374633730613
1.33028437689947
0.364046738989056
1.09752347825131
