0.01
0.01
0.01
0.01
0.01
0.01
0.0140408356864402
0.0100998228522732
0.0168097596557138
0.0456910527965998
0.194588118025163
0.0584640962821234
0.01
0.0104155597778959
0.0220071080001568
0.011395319595287
0.0101566038752851
0.0107877211316188
0.0603627298545577
0.031440293828517
0.0113072785488549
0.0108654477154067
0.0659951815910772
0.0795171815773219
0.435683855409848
0.409333971947535
0.652158058317632
0.646659603811165
0.159640747254286
0.366110174433363
0.561945740637497
0.409739265424703
0.480573477402778
0.630496708079704
0.568178045211801
0.378623720181822
0.728577561517198
0.769533942782727
0.786694852751049
0.718122633388187
0.641522294842496
0.725942909542497
0.580295843269766
0.56131276692979
0.108649784424722
0.398533635728805
0.211371926735593
0.0364466309932471
0.0265014958416929
0.0829322725230093
0.266056268979362
0.0954908263290338
0.226017634006772
0.33247410810077
0.198224763612836
0.26113250236791
0.11681713027332
0.0458530231829039
0.0135159169720016
0.0345308223481915
0.301889331174607
0.288889116518635
0.176499343616126
0.3480727924607
0.01
0.01
0.01
0.01
0.01
0.01
0.01
0.01
0.01
0.01
0.01
0.01
0.01
0.01
0.01
0.01
0.01
0.01
0.01
0.01
0.01
0.01
0.01
0.01
0.01
0.01
0.01
0.01
0.01
0.01
0.01
0.01
0.01
0.01
0.01
0.01
0.01
0.0116318254719936
0.0284294169423101
0.0115246420360447
0.0266697094946205
0.0992813132782313
0.303912039298404
0.0525119124307525
0.01
0.0101106920580516
0.0102088013463326
0.01
0.01
0.01
0.01
0.01
0.01
0.01
0.01
0.01
0.01
0.01
0.01
0.01
0.0103719469580011
0.01
0.01
0.0115561933695309
0.01
0.01
0.01
0.01
0.01
0.01
0.01
0.01
0.01
0.01
0.01
0.01
0.01
0.01
0.01
0.01
0.01
0.01
0.01
0.01
0.01
0.01
0.01
0.01
0.01
0.01
0.01
0.01
0.01
0.01
0.01
0.01
0.01
0.01
0.01
0.01
0.01
0.01
0.01
0.01
0.0103688693039627
0.0107408162619638
0.0170348995632533
0.0106603210460211
0.01
0.01
0.01
0.01
0.0190447176306621
0.0122272129749593
0.047227861729988
0.103606167341812
0.010210050490726
0.01
0.01
0.0185677066593626
0.0430788141131893
0.0108397389814208
0.0164091361130854
0.0901802991067167
0.362194273807648
0.213464625588859
0.397270439921778
0.464567651642363
0.0101892864228855
0.01
0.0201956293739573
0.0390337360001679
0.01
0.01
0.0103747989012533
0.0128036722317807
0.0699520990694911
0.0297298648343693
0.139175540494047
0.377585846440299
0.232355799591184
0.133342492696475
0.505000046335132
0.594085289910742
0.01
0.01
0.01
0.01
0.01
0.01
0.01
0.01
0.01
0.01
0.0113212198688588
0.0155063154828655
0.0126463828310636
0.01
0.0192380623234261
0.0365169900080288
0.146040733011298
0.125203813787317
0.369621608489546
0.412683438672201
0.0852484446964447
0.0360339372485622
0.190089144652466
0.31054831352905
0.424274720814044
0.40754023625821
0.383253664433611
0.325536808003554
0.469229532182256
0.441912038659983
0.319044174980831
0.340505668847033
0.755995003619281
0.68497842274108
0.727499873713257
0.786846904228671
0.548827368735783
0.367852352934605
0.488945353845239
0.608618493702863
0.614225368743683
0.527280565805142
0.39629438219926
0.472486615666641
0.722459619846523
0.687006317078945
0.522653466940328
0.518035080466896
0.01
0.01
0.01
0.01
0.01
0.01
0.01
0.01
0.01
0.01
0.010028129762911
0.010501385955072
0.01
0.01
0.0109324856283583
0.0104592294361973
0.01
0.01
0.01
0.01
0.01
0.01
0.01
0.01
0.01
0.01
0.01
0.01
0.01
0.01
0.01
0.01
0.01
0.01
0.01
0.01
0.01
0.01
0.01
0.01
0.014536153006026
0.019741534472153
0.12505837196816
0.0546061339906039
0.0109163349372962
0.01033027699338
0.0212864285465407
0.0133535651045464
0.0153719711236744
0.0236908531573755
0.0550637674248671
0.0473684615987632
0.0137485666103486
0.0102978018376937
0.0111205822998253
0.0199509945836879
0.0254807406634887
0.0133155516521076
0.0290613256063528
0.0130886975688187
0.110847037725979
0.0278756125579597
0.0162339813856424
0.0368410561250116
0.01
0.01
0.01
0.01
0.01
0.01
0.01
0.01
0.01
0.01
0.01
0.01
0.01
0.01
0.01
0.01
0.01
0.01
0.01
0.01
0.01
0.01
0.01
0.01
0.01
0.01
0.01
0.01
0.01
0.01
0.01
0.01
0.01
0.01
0.01
0.01
0.01
0.0113056251099002
0.0178379855520517
0.01
0.01291408680596
0.0269659827125939
0.0632507620702531
0.016228875762828
0.01
0.01
0.01
0.01
0.01
0.01
0.01
0.01
0.01
0.01
0.01
0.01
0.01
0.01
0.01
0.01
0.01
0.01
0.01
0.01
0.01
0.01
0.01
0.01
0.01
0.01
0.01
0.01
0.01
0.01
0.01
0.01
0.01
0.01
0.01
0.01
0.01
0.01
0.01
0.01
0.01
0.01
0.01
0.01
0.01
0.01
0.01
0.01
0.01
0.01
0.01
0.01
0.01
0.01
0.01
0.01
0.01
0.01
0.01
0.01
0.01
0.01
0.01
0.01
0.01
0.01
0.01
0.01
0.01
0.01
0.01
0.0100354147694466
0.01
0.01
0.01
0.01
0.01
0.01
0.01
0.01
0.0193979701965362
0.0114215217157919
0.0128671447078241
0.0672461905072615
0.01
0.01
0.01
0.01
0.01
0.01
0.01
0.01
0.01
0.01
0.01
0.01
0.01
0.01
0.01
0.01
0.01
0.01
0.01
0.01
0.01
0.01
0.01
0.01
0.01
0.01
0.01
0.01
0.01
0.01
0.01
0.01
0.01
0.01
0.0108426039573853
0.0100808706370799
0.01
0.01
0.0106899216693195
0.0114162402201783
0.0446871049394752
0.0330839169521798
0.205810578404947
0.201803421498458
0.0165790185098562
0.0271762569413534
0.159061099218976
0.0886089024880187
0.01
0.01
0.01
0.01
0.01
0.01
0.01
0.01
0.0109600666823266
0.0120474609481
0.0621439148538389
0.0528908642206488
0.0183953973272914
0.0132084558157081
0.0558417968677879
0.109206454671522
0.28990396040629
0.622522426945313
0.500012565648413
0.18329265418119
0.760650271852721
0.729714193419849
0.590149730659025
0.670261776180023
0.5211372376503
0.312469788588893
0.115573326371089
0.333120603987692
0.0941969232197496
0.359497331622357
0.264535858597699
0.0506466688781132
0.548317043438743
0.478061849901919
0.213730689786185
0.323332892074427
0.583275084459383
0.678295360475658
0.422500705258999
0.240233831213664
0.0429331631558707
0.0937540094532567
0.0171386326833334
0.0113063099466895
0.113943059632276
0.0390230998281673
0.0121538288261075
0.0269579044601371
0.0120744765349142
0.01
0.01
0.01
0.01
0.010123073087618
0.01
0.01
0.01
0.01
0.01
0.01
0.01
0.01
0.01
0.01
0.0388849038008474
0.201502868517527
0.102487229588956
0.0332280399024473
0.116900353696471
0.0308049661109583
0.0126603677929661
0.0296907633356727
0.0135166499067331
0.01
0.01
0.0100286984261581
0.0510469621210659
0.0223955850565267
0.0140409255713891
0.0355925115480359
0.01
0.01
0.01
0.01
0.01
0.0119060703033153
0.0226511971368224
0.0105169756167116
0.013816812822408
0.0603689042550118
0.141786798967447
0.0249777093909481
0.01
0.0100017544199279
0.0107087289303882
0.01
0.0409932000451547
0.211545983153052
0.469834204070124
0.116417459970657
0.585326740344885
0.762495133473764
0.818857723472383
0.705427367345457
0.789857944376788
0.854494870009731
0.875712205179616
0.836850143814173
0.297364689561342
0.620736415832199
0.724965597293284
0.491079699639384
0.543055117772349
0.774748411308257
0.781990643135959
0.507584059765831
0.862427906784063
0.887198938682011
0.893026509437103
0.873837366175786
0.878696987556407
0.895718033930922
0.896509065222067
0.881832017960465
0.489213475623244
0.78146402716379
0.795321574499265
0.511780698202605
0.0100135186988497
0.0132925546968649
0.0182702887766465
0.0104282413607082
0.0543590042808181
0.254208323868048
0.274483706120594
0.0870406716483823
0.108451164229174
0.268200237603637
0.272460459059942
0.107311449846007
0.0112216285606494
0.0293052840315628
0.0296779336943062
0.011425549782623
0.01
0.01
0.01
0.01
0.01
0.0113170906646694
0.0104162787269461
0.01
0.01
0.01
0.01
0.01
0.01
0.01
0.01
0.0108063998246195
0.0262587395414964
0.06655266778465
0.0166206993209293
0.0128782114122374
0.0771655488730318
0.121515832328114
0.0365679090285102
0.0194453488281224
0.01
0.0170951366283889
0.0115546290167527
0.01
0.01
0.01
0.01
0.01
0.01
0.01
0.01
0.01
0.01
0.0104148202170595
0.012440688050919
0.01
0.01
0.0150292121749505
0.0140710164529087
0.01
0.01
0.01
0.01
0.01
0.0271826340294907
0.0116133398998855
0.0191117236123159
0.0914502743154992
0.01
0.01
0.01
0.01
0.01
0.01
0.01
0.010098109288281
0.204626887567798
0.0372332743122005
0.0555490331367726
0.335299892792269
0.0108270596583747
0.0220603705976159
0.0131206942104002
0.0102084157745426
0.0828306458909401
0.272271239414311
0.242183808387367
0.0481852289608884
0.0314890450769755
0.195598634532015
0.215747261673575
0.0358805383355026
0.01
0.0104767231094606
0.0107447129825844
0.01
0.595952826709562
0.814536800980807
0.810830069677985
0.62368694653948
0.881719021878223
0.894953832218883
0.887942991866035
0.871690634266771
0.837927945526555
0.86669002394442
0.812135836737983
0.742845085192188
0.573684475971585
0.764428749509781
0.636148798849376
0.485467014738814
0.345095291251364
0.31381757590442
0.0887366390843127
0.148700037887541
0.542196792542307
0.691396864251729
0.482539512016506
0.213129459273075
0.0456994390571377
0.161915064796133
0.0232478045489251
0.0142362891569493
0.0439005298877318
0.0208327000062948
0.010172223588752
0.0187644965908928
0.0114065006501708
0.0223037506264266
0.0953003348060624
0.0359759115108017
0.0738569855551832
0.26831761258785
0.2513558262418
0.244539399257461
0.336050336472052
0.203019333062767
0.0762349329195946
0.318337023813939
0.201923505548761
0.332875766227291
0.402583890489882
0.381894225706963
0.01
0.01
0.01
0.01
0.01
0.01
0.01
0.01
0.01
0.01
0.01
0.01
0.01
0.01
0.01
0.01
0.01
0.01
0.01
0.01
0.01
0.01
0.01
0.01
0.01
0.01
0.01
0.01
0.01
0.01
0.01
0.01
0.01
0.01
0.01
0.01
0.01
0.01
0.01
0.01
0.01
0.01
0.01
0.01
0.01
0.01
0.01
0.01
0.01
0.01
0.01
0.01
0.01
0.01
0.01
0.01
0.01
0.01
0.01
0.01
0.01
0.01
0.0105339035214249
0.0131452192244881
0.0246440895138791
0.0111518366260686
0.0106179331046437
0.0139327220615118
0.01
0.01
0.0103266978454523
0.010039788210523
0.0102362997853829
0.0157593801933235
0.0224530005900236
0.0103538057053887
0.01
0.01
0.01
0.01
0.01
0.01
0.0112903960230036
0.0110318979984518
0.01
0.01
0.01
0.010545407659481
0.0381984936203037
0.0199497013786987
0.0399552156732208
0.236812556818051
0.0326594570115194
0.0498910414086216
0.223278883012023
0.123303363047354
0.0567184294521746
0.236320068433415
0.047064588594294
0.0198574169876276
0.255657461316597
0.0434576051607437
0.0266815714026764
0.100704970785315
0.0163328835386792
0.0132294805364548
0.01
0.01
0.0102027334171171
0.0133061364193415
0.01
0.01
0.01
0.01
0.01
0.01
0.0101572941305288
0.0156818433369483
0.0106493440238095
0.01
0.01
0.01
0.01
0.01
0.01
0.01
0.01
0.01
0.01
0.01
0.01
0.01
0.01
0.01
0.01
0.01
0.01
0.01
0.01
0.01
0.01
0.01
0.01
0.01
0.01
0.01
0.01
0.01
0.01
0.01
0.01
0.01
0.01
0.01
0.01
0.01
0.01
0.01
0.01
0.01
0.01
0.01
0.01
0.01
0.01
0.01
0.01
0.01
0.01
0.01
0.01
0.01
0.01
0.01
0.01
0.01
0.01
0.01
0.01
0.01
0.01
0.01
0.01
0.01
0.01
0.01
0.01
0.01
0.01
0.01
0.01
0.01
0.01
0.01
0.01
0.01
0.01
0.01
0.01
0.01
0.01
0.01
0.01
0.01
0.01
0.01
0.01
0.01
0.01
0.01
0.01
0.01
0.01
0.01
0.01
0.01
0.01
0.01
0.01
0.01
0.01
0.01
0.01
0.01
0.01
0.01
0.01
0.01
0.01
0.01
0.01
0.01
0.01
0.01
0.01
0.01
0.01
0.01
0.01
0.01
0.01
0.01
0.01
0.01
0.01
0.01
0.01
0.01
0.01
0.01
0.01
0.01
0.01
0.01
0.01
0.01
0.01
0.01
0.01
0.01
0.01
0.01
0.01
0.01
0.01
0.01
0.01
0.01
0.01
0.01
0.01
0.01
0.01
0.01
0.01
0.01
0.01
0.013296509616639
0.0106851939135758
0.01
0.01
0.0108583367195934
0.0134382501376814
0.0115292009921443
0.01
0.01
0.010607005640338
0.010127935001695
0.0225727124493108
0.0354152017842267
0.199749817260096
0.103203723577588
0.0358617695768476
0.0302041212646937
0.050167067295753
0.144552187032405
0.244692784056587
0.23430437322742
0.392825076681305
0.492758269716382
0.363551187459505
0.282751283686456
0.54741560658267
0.567575377979486
0.01
0.01
0.0122047473830607
0.0101896727736787
0.0102328419101552
0.0126365268122176
0.0450260553100989
0.0204107375208202
0.117207318289207
0.219787511100259
0.51453454979334
0.414743372199424
0.0386033157571917
0.0560404516652429
0.29761916577545
0.138609438786234
0.01
0.01
0.01
0.01
0.01
0.01
0.01
0.01
0.01
0.01
0.01
0.01
0.01
0.01
0.01
0.01
0.01
0.01
0.01
0.01
0.01
0.01
0.01
0.01
0.01
0.01
0.01
0.01
0.01
0.01
0.01
0.01
0.01
0.0104743483665708
0.0327624066589222
0.0186839958452677
0.0121873294221958
0.0146586378941412
0.0947800771623745
0.0628000948152588
0.304665409899651
0.389251321034828
0.385358954804491
0.430144614169383
0.112785271277306
0.179442092152503
0.499123766262432
0.443028651817156
0.01
0.01
0.01
0.01
0.01
0.01
0.0128090652409397
0.0103905248651503
0.0171602090713757
0.0497926018557293
0.214726957587042
0.0405747764043021
0.011918726433805
0.0105426152591621
0.0125907849237197
0.0512133951878199
0.01
0.01
0.01
0.01
0.01
0.01
0.01
0.01
0.01
0.01
0.01
0.01
0.01
0.01
0.01
0.01
0.01
0.01
0.01
0.01
0.01
0.01
0.01
0.01
0.01
0.01
0.01
0.01
0.01
0.01
0.01
0.01
0.0103014331822503
0.01
0.0122528067605955
0.0214480665779078
0.01
0.01
0.0104224127944258
0.0108043374384884
0.0546463680104104
0.0488669887435321
0.279838144650057
0.306302952427264
0.0807195760981027
0.043846390671856
0.1647993786344
0.156356929024335
0.0163874926637397
0.0162113815215641
0.114412840987869
0.112776079604705
0.0140913614935199
0.0116232489794296
0.050208352551701
0.0895308820886625
0.434047956828893
0.237053403189027
0.431240860151193
0.605785535018047
0.449433524580949
0.476876259748608
0.637314181609423
0.545406395066324
0.0126226037327975
0.0111469055792093
0.01
0.0102914517420585
0.01
0.01
0.01
0.01
0.01
0.01
0.0103575763100274
0.0113090260994314
0.01
0.01
0.0115791592063173
0.0106277094169133
0.01
0.01
0.01
0.01
0.0102423906087677
0.0116266961363084
0.0209291691874777
0.0109000373332058
0.0113238733069435
0.030236212894258
0.0304629464184048
0.011001965743621
0.01
0.01
0.01
0.01
0.0248047231203108
0.0192290765624841
0.122346513657711
0.165446466004487
0.0160350032609878
0.0284930590723222
0.0491819402602345
0.091481674451408
0.341520568977355
0.157487949424598
0.185593617713978
0.438442828946699
0.550354140306927
0.468782873263317
0.621666766250875
0.724778529432417
0.0366294197042583
0.0693607344807592
0.405909782592293
0.197217931083766
0.0635837497094256
0.0383105655446457
0.233347830911755
0.371095320836822
0.663348040100204
0.616856202939926
0.774342464821501
0.77932467168078
0.52322935690957
0.63185387678315
0.723332845200639
0.573631181141675
0.0129854599086815
0.0120293024850533
0.0310870358327916
0.0427591854780583
0.0104281481039124
0.01
0.0144830307890713
0.0192533287420265
0.0880469134254233
0.0620170403013273
0.258836730447917
0.222193092996628
0.0907324001106333
0.0925267214380223
0.178501161235957
0.123440506190085
0.01
0.01
0.0100815795160127
0.0111653161236875
0.01
0.01
0.01
0.01
0.0260051690131648
0.021907799602874
0.152595746718239
0.179668723905829
0.0377635478790605
0.0292969303836431
0.195060032269475
0.216427203474149
0.547735988367475
0.577998585497751
0.740830874223193
0.633908280191945
0.577258429635633
0.538540672423671
0.708867044358031
0.762765758276067
0.819266854916035
0.762760616414588
0.813831190455559
0.837625682783312
0.63867714241819
0.785100285476989
0.801116838579088
0.670929411481503
0.130127866003263
0.304422098097363
0.102642476410158
0.0947244901045999
0.386299038787749
0.478564124719855
0.443586138991374
0.192742407212849
0.102114616780521
0.296469236744968
0.440576475775989
0.148286677126335
0.0345747974052454
0.0279702129419325
0.0234491958016535
0.0301729213425376
0.01
0.01
0.01
0.01
0.01
0.01
0.01
0.01
0.0104455032359895
0.01
0.0113190658575146
0.0188663404889882
0.0165708116834019
0.0123602347040182
0.0478169849256734
0.0977982903970867
0.01
0.016423794053743
0.0103324024724472
0.01
0.0623956914183926
0.279153015753829
0.0592066973597636
0.0218091744211401
0.0103244782258664
0.0153277966867552
0.0100153798863238
0.01
0.01
0.01
0.01
0.0100394468279231
0.0123033074242879
0.0115540424608679
0.0501578581337339
0.0411430104836895
0.0157862612592155
0.022049805098504
0.153890783043502
0.101266514147807
0.462689185019052
0.51853270421989
0.568491391735026
0.655006418204128
0.220047711008392
0.269932089692937
0.629111573963023
0.542789704022669
0.411535505723266
0.207961902192145
0.477269219624655
0.59635610826412
0.0809650010945216
0.0258217659246165
0.107284302192964
0.272330117752405
0.505535076346655
0.300121463879267
0.521007959841649
0.663810740193783
0.545607728870344
0.46822156426655
0.588902003641713
0.743753383039576
0.01
0.01
0.01
0.01
0.01
0.01
0.01
0.01
0.01
0.01
0.01
0.01
0.0101362669631219
0.01
0.01
0.0103938873307191
0.0102200231212379
0.0248932695868959
0.0176491323220878
0.0101172607563937
0.142685889947345
0.375274085184772
0.171584560464184
0.0779480767185981
0.0261898006525813
0.0539484669209316
0.013886311645377
0.011693678629702
0.0100051644744147
0.0122661129236301
0.0102615329330632
0.01
0.01
0.01
0.01
0.01
0.01
0.01
0.01
0.01
0.01
0.01
0.01
0.01
0.01
0.01
0.01
0.01
0.0103791367392914
0.01
0.01
0.0101215163716942
0.01
0.01
0.01
0.01
0.01
0.01
0.01
0.01
0.01
0.01
0.01
0.01
0.0237866347208928
0.01
0.01
0.0161770682452775
0.01
0.01
0.01
0.01
0.01
0.01
0.01
0.01
0.0110362392329285
0.01
0.01
0.01
0.0156438915081299
0.0928998349531233
0.0292819985249955
0.0117994789170992
0.364988601921598
0.457303728059226
0.154689274991422
0.0905618311105864
0.016624566367624
0.0227072880443489
0.0101079268392589
0.01
0.01
0.0114547908105347
0.01
0.01
0.01
0.01
0.01
0.01
0.01
0.01
0.01
0.01
0.01
0.01
0.01
0.01
0.01
0.01
0.01
0.01
0.01
0.01
0.01
0.01
0.01
0.01
0.01
0.01
0.01
0.01
0.01
0.01
0.01
0.01
0.01
0.01
0.01
0.01
0.01
0.01
0.01
0.01
0.01
0.01
0.01
0.01
0.01
0.01
0.01
0.01
0.01
0.01
0.01
0.01
0.01
0.01
0.01
0.01
0.01
0.01
0.01
0.01
0.01
0.01
0.01
0.01
0.01
0.01
0.01
0.01
0.01
0.01
0.01
0.01
0.01
0.01
0.01
0.01
0.01
0.01
0.01
0.01
0.01
0.01
0.01
0.01
0.01
0.01
0.01
0.01
0.01
0.01
0.01
0.01
0.01
0.01
0.01
0.01
0.01
0.01
0.01
0.01
0.01
0.01
0.01
0.0259493589287248
0.0289643672650505
0.0100061420589953
0.0100114884181039
0.0270881538512831
0.0191603983317278
0.0100053463591086
0.01
0.01
0.01
0.01
0.162819411887382
0.475791280542674
0.393891955363494
0.179956921038312
0.467177383135448
0.163385287126677
0.0707853580977468
0.234028529412659
0.0813593430090016
0.0215652469916262
0.0115367099604901
0.0201277987221323
0.148004933943068
0.171240108175788
0.0515772801444772
0.0683157128799786
0.0209444978514612
0.014533875093252
0.0102851484099345
0.0105736552576696
0.0109990787926039
0.01
0.01
0.01
0.01
0.01
0.01
0.01
0.01
0.01
0.01
0.01
0.01
0.01
0.01
0.01
0.01
0.0125725681441335
0.0102885068477351
0.01
0.01
0.01
0.01
0.01
0.01
0.01
0.01
0.01
0.01
0.01
0.01
0.01
0.01
0.01
0.01
0.01
0.01
0.01
0.01
0.01
0.01
0.01
0.01
0.01
0.01
0.01
0.01
0.01
0.01
0.01
0.01
0.01
0.01
0.01
0.01
0.01
0.01
0.01
0.01
0.01
0.01
0.01
0.01
0.01
0.01
0.01
0.01
0.01
0.01
0.01
0.01
0.01
0.01
0.01
0.01
0.01
0.01
0.01
0.01
0.01
0.01
0.01
0.01
0.01
0.01
0.01
0.01
0.01
0.01
0.01
0.01
0.01
0.01
0.01
0.01
0.010291157280861
0.01
0.0101894383977918
0.0175780134420636
0.0101923025820349
0.0198943906237526
0.0413911601043078
0.14235857763974
0.0865537939414131
0.0201507643353308
0.0154743903009845
0.0722286108754215
0.0760082116282549
0.0184259822679128
0.0332964190870067
0.201072123724329
0.0510998428829862
0.0318494687634892
0.0167895935466035
0.0235156350122882
0.164377059727137
0.0600818581362471
0.0174020546485862
0.0106760131829015
0.0193557950651891
0.173803943805056
0.206398379267743
0.0425979695210785
0.0918130298367653
0.0266010345168938
0.0128265663114441
0.01
0.0148754973108063
0.0102975228595648
0.01
0.01
0.01
0.01
0.01
0.01
0.01
0.0109618208577854
0.01
0.01
0.0100180620631235
0.206222098587532
0.261815486951061
0.515729207505895
0.341032466841286
0.314125112597461
0.122561770690349
0.0792474193274105
0.364286566857672
0.252202473124949
0.042107470038274
0.0270550991087906
0.177219190948514
0.471297779414651
0.542292057363916
0.484111476587001
0.443349521159733
0.01
0.01
0.01
0.01
0.01
0.01
0.01
0.01
0.01
0.01
0.01
0.01
0.01
0.01
0.01
0.01
0.01
0.01
0.01
0.01
0.01
0.01
0.01
0.01
0.01
0.01
0.01
0.01
0.01
0.01
0.01
0.01
0.01
0.01
0.01
0.01
0.01
0.01
0.01
0.01
0.01
0.01
0.01
0.01
0.01
0.01
0.01
0.01
0.01
0.01
0.01
0.01
0.01
0.01
0.01
0.01
0.01
0.01
0.01
0.01
0.01
0.01
0.01
0.01
0.01
0.01
0.01
0.01
0.01
0.01
0.01
0.01
0.01
0.01
0.01
0.01
0.01
0.01
0.01
0.01
0.0151788280978262
0.0208391794605159
0.113761500560643
0.0197530716064073
0.0161341619105545
0.0104738105478648
0.0174080087450958
0.0406863727586091
0.131421979860333
0.03904686905526
0.12526023753229
0.0386255570028805
0.014648684179163
0.0322341959690241
0.0157890922402979
0.0100744406705819
0.01
0.0102946460035697
0.01
0.01
0.0217221227573796
0.0928205254496526
0.110607127666083
0.0192230065335061
0.0186817088686945
0.124474528857292
0.108275815143466
0.0163339131221694
0.01
0.01
0.01
0.01
0.01
0.01
0.01
0.01
0.01
0.01
0.01
0.01
0.01
0.01
0.01
0.01
0.01
0.01
0.01
0.01
0.256809247243218
0.0733918279232668
0.0869500503247904
0.28420534493531
0.0149939210575361
0.01
0.01
0.0159482801788499
0.012592734348078
0.01
0.01
0.0101759299896305
0.081463245802693
0.0329961301321947
0.012074865737026
0.0151855617519432
0.01
0.01
0.01
0.01
0.01
0.01
0.01
0.01
0.01
0.01
0.01
0.01
0.01
0.01
0.01
0.01
0.01
0.01
0.01
0.01
0.01
0.01
0.01
0.01
0.01
0.01
0.01
0.01
0.01
0.01
0.01
0.01
0.01
0.01
0.01
0.01
0.01
0.01
0.01
0.01
0.01
0.01
0.01
0.01
0.01
0.01
0.01
0.01
0.125672222258297
0.0257845607564199
0.0385291699516234
0.138354987150029
0.0113738506993155
0.01
0.01
0.01206435523323
0.0110034621458681
0.01
0.01
0.0100397118586511
0.135051211679818
0.0234224340116092
0.0170073798242471
0.104626243779501
0.0117089866834938
0.0336591196842563
0.048598561375699
0.0123953894344641
0.146450107544493
0.345870819572203
0.374898596805021
0.179721022771478
0.0452993774332062
0.107856882012434
0.0182566150144393
0.0124483835483921
0.011036201824634
0.0182798427957826
0.0102787397428406
0.01
0.01
0.01
0.01
0.01
0.01
0.01
0.01
0.01
0.01
0.01
0.01
0.01
0.01
0.01
0.01
0.01
0.0535637371913158
0.0124181414697271
0.010413983795438
0.0257113855718431
0.01
0.01
0.01
0.01
0.0100376299187778
0.01
0.01
0.0115000751559115
0.013836700629849
0.0109383149245245
0.0245862538817998
0.0488192100750527
0.247437572980235
0.112935543366972
0.357315502384238
0.445851380954724
0.0329680535023901
0.0123460794428361
0.018443160264604
0.104523026890224
0.157814522465909
0.0251699106879805
0.0376807798864451
0.187221867127251
0.588215453795814
0.474609499269565
0.487275687171277
0.573779561010099
0.01
0.01
0.01
0.01
0.01
0.01
0.01
0.01
0.01
0.01
0.01
0.01
0.0102625206200025
0.01
0.01
0.0114901533311688
0.0137013771957711
0.01
0.01
0.0141397198989437
0.01
0.01
0.01
0.01
0.0117800944946559
0.0136650337872719
0.0727923692430529
0.0421028561613013
0.0118479157204594
0.0104759808236203
0.0155369507027642
0.0105317393797841
0.413992234337013
0.41449006582867
0.231386303765835
0.0977002237820913
0.239434530300671
0.0604191412228558
0.0684498363717856
0.235991776224703
0.0886047444307286
0.0308088856000906
0.0131503302511547
0.0157716186446484
0.0210050815294573
0.0440596404340717
0.0170050258230623
0.0526865581783689
0.01
0.01
0.01
0.01
0.01
0.01
0.01
0.01
0.01
0.01
0.01
0.01
0.01
0.01
0.0104195888077506
0.0112096570001067
0.01
0.01
0.01
0.01
0.01
0.01
0.01
0.01
0.01
0.01
0.01
0.01
0.01
0.01
0.01
0.01
0.01
0.01
0.01
0.01
0.01
0.01
0.01
0.01
0.01
0.01
0.01
0.01
0.01
0.01
0.01
0.01
0.0493569029183298
0.0222031213347789
0.0511060662884423
0.253535594506539
0.0103456246450789
0.01
0.01
0.0114540596850944
0.0127107423128751
0.01
0.01
0.0144925505835759
0.337000504920754
0.0749210926076836
0.0767553682394443
0.341310716333356
0.0583187142739973
0.194978141392407
0.435573279853464
0.233409348295317
0.274976660268682
0.139853008469204
0.137690839086236
0.41560755558234
0.486607736332031
0.151180689630026
0.193713210464625
0.505353952530821
0.538522581922183
0.579448340142416
0.575587787553853
0.521864638682783
0.0947224449825879
0.0759569628907761
0.0507362935039386
0.0387175200799523
0.0334788267666343
0.0154610571510361
0.0272622529775212
0.120009444644301
0.185527113924942
0.0382387341554741
0.0440135005504153
0.204827343609142
0.0288316540336863
0.0479144249163685
0.0826632830611106
0.0730264093664471
0.206731408131022
0.167544536610615
0.254376592690484
0.245767563231272
0.192441283993726
0.0393332103770079
0.0274679315390434
0.142851877841157
0.0885976667227843
0.0175045521605142
0.0117045411004204
0.0377398915754583
0.306563134234363
0.311608606591124
0.177473611323071
0.32297106304259
0.206184357778651
0.429179569547298
0.174248095919804
0.0609217983740849
0.47171784102011
0.254366026697105
0.327286268625376
0.412307397810434
0.34108576312603
0.449181409761696
0.453622149146832
0.242805082745941
0.0994573560716752
0.117760180980141
0.106937963029595
0.214240863232605
0.862608528462114
0.860048404068104
0.852569346378011
0.860480130935985
0.800991305102435
0.595634767244736
0.630960977103978
0.806368527350369
0.775059245468957
0.667616808646307
0.672467380076978
0.667353836620657
0.787987506850912
0.79047102867243
0.612665536135778
0.575209984742031
0.182682514541248
0.0264416412851696
0.0380701630641212
0.233699392544544
0.01
0.01
0.01
0.0114453227878051
0.0186785297529222
0.0100349420474789
0.0111370844624256
0.0397200395474755
0.337502723891099
0.0930064050798593
0.21802598798979
0.547818424294604
0.583152384035924
0.38721933992788
0.280160381883524
0.435575829692049
0.0765592748356188
0.0132549961419281
0.0132496416725717
0.0674596801714441
0.0245673177994995
0.0111122660066675
0.0104382858360727
0.0150502523914304
0.10116861002399
0.0706075516572959
0.0270906544886333
0.0317675015531537
0.180411565922677
0.288467424639276
0.10783017395621
0.0379009704314178
0.478018939719372
0.593601931310124
0.382044551388742
0.23570937181718
0.0409457610212067
0.0780176049327203
0.039547273923713
0.0431869865177417
0.0131734553513865
0.0222332515227123
0.0314392565666202
0.0164996799448365
0.527485860971595
0.443642358390864
0.377737840656133
0.654666807705541
0.118632822179499
0.0193666493614288
0.0221678261775391
0.131791423705924
0.181887940356999
0.0296272756792151
0.0592918672617279
0.295231155269247
0.708862883602776
0.549076202325525
0.654376370504682
0.737144679916147
0.01
0.01
0.01
0.01
0.01
0.01
0.01
0.01
0.01
0.01
0.01
0.01
0.0103101323071511
0.01
0.01
0.0133412355091617
0.0218533239494613
0.01
0.0109416751861442
0.0436034635806813
0.01
0.01
0.01
0.01
0.01
0.01
0.01
0.01
0.0918846792882737
0.014560172929423
0.0202506843284347
0.145815584274043
0.727612142493302
0.739250408781479
0.798704250357707
0.784859931581657
0.523888368914883
0.139650898471643
0.248455487579412
0.637606153666686
0.724409590597303
0.471939771359198
0.555421307398181
0.777469621423545
0.80473986557254
0.829296886462845
0.829721331203712
0.833151858458975
0.0444105131473787
0.0925773669899468
0.143100188537715
0.0338105938611436
0.356284903626167
0.436539218781209
0.366015015207304
0.39283767528717
0.40834761021449
0.179493029826424
0.0744843051892699
0.370209907182688
0.11537198499678
0.374362583029286
0.468191536060054
0.304348958346067
0.257438426168729
0.0548843545079814
0.0214975972001127
0.0967870338754498
0.0161741678720308
0.0100446733969254
0.01
0.0103058055319772
0.01
0.01
0.01
0.01
0.0356111498480597
0.0111963491449624
0.01
0.0154719327627157
0.0104592057729027
0.01
0.01
0.01
0.01
0.01
0.01
0.01
0.01
0.01
0.01
0.01
0.01
0.01
0.01
0.01
0.415475071785277
0.463131827290707
0.416837225049194
0.422826053152711
0.200260555460594
0.0362264850977842
0.0193860038870488
0.111190599613017
0.0844476064950098
0.0154650657120855
0.0169269167871882
0.0950601053699572
0.407523779340134
0.338279813481935
0.302878187250353
0.41369542100075
0.01
0.01
0.01
0.01
0.01
0.01
0.01
0.01
0.01
0.01
0.01
0.01
0.01
0.01
0.01
0.01
0.01
0.01
0.01
0.01
0.01
0.01
0.01
0.01
0.01
0.01
0.01
0.01
0.01
0.01
0.01
0.01
0.01
0.01
0.01
0.01
0.01
0.01
0.01
0.01
0.01
0.01
0.01
0.01
0.01
0.01
0.01
0.01
0.01
0.01
0.01
0.01
0.01
0.01
0.01
0.01
0.01
0.01
0.01
0.01
0.01
0.01
0.01
0.01
0.01
0.01
0.01
0.01
0.01
0.01
0.01
0.01
0.01
0.01
0.01
0.01
0.01
0.01
0.01
0.01
0.01
0.01
0.01
0.01
0.01
0.01
0.01
0.01
0.01
0.01
0.01
0.01
0.01
0.01
0.01
0.01
0.01
0.01
0.01
0.01
0.01
0.01
0.01
0.01
0.01
0.01
0.01
0.01
0.01
0.01
0.01
0.01
0.01
0.01
0.01
0.01
0.01
0.01
0.01
0.01
0.01
0.01
0.01
0.01
0.01
0.01
0.01
0.01
0.01
0.01
0.01
0.01
0.01
0.01
0.01
0.01
0.01
0.01
0.01
0.01
0.01
0.01
0.01
0.01
0.01
0.01
0.01
0.01
0.01
0.01
0.01
0.01
0.01
0.01
0.01
0.01
0.01
0.01
0.01
0.01
0.01
0.01
0.01
0.01
0.01
0.01
0.01
0.01
0.01
0.01
0.01
0.01
0.01
0.01
0.01
0.01
0.01
0.01
0.01
0.01
0.01
0.01
0.01
0.01
0.01
0.01
0.01
0.01
0.01
0.01
0.01
0.01
0.01
0.01
0.01
0.01
0.01
0.01
0.01
0.01
0.01
0.01
0.01
0.01
0.01
0.01
0.01
0.01
0.01
0.01
0.01
0.01
0.01
0.01
0.01
0.01
0.01
0.01
0.01
0.01
0.01
0.01
0.01
0.01
0.01
0.01
0.01
0.01
0.01
0.01
0.01
0.01
0.01
0.01
0.01
0.01
0.01
0.01
0.01
0.01
0.01
0.01
0.01
0.01
0.01
0.01
0.01
0.01
0.01
0.01
0.01
0.01
0.01
0.01
0.01
0.01
