-6237404.09670189
-2990443.20347403
-11799177.3639737
-14101181.0339154
-7000013.91554532
-5324610.84559023
1086825.89498078
-6299951.73674699
-9903606.71022795
-5518871.65360427
-515373.920579939
-5897887.73660144
-21861868.1816828
-15470485.1409109
-13379972.1906189
-21205165.1224911
-1765381.52870472
1383327.46530616
1345267.30775423
2193414.95753655
907489.584160402
1801118.88943112
-1059072.07944225
-1276855.73030481
-1050999.71252997
-1339814.85110868
2835815.41115457
2631754.38329404
-4155650.1059864
-2140208.83589451
1594194.00343429
1304163.58260871
991566.958893586
676243.248241876
-190844.234116463
582662.697718997
1021685.73835395
2652938.93493799
3404039.88911216
1157521.59769996
595966.34660222
31464.1765336827
-707231.91802198
-30522.5564647727
2165070.02723371
281814.126189936
410109.3544349
-1286014.93286466
-16594306.6732461
-13150517.676279
-15740914.9142443
-10430266.3086563
-6627972.97020405
676219.480814822
1718853.74066279
-7982076.47481534
-13964576.4013923
-4104158.66569439
-12144603.8799491
-12232240.00753
-8629360.74727134
-8239082.37933847
-7724021.75986739
-5224941.51440751
-21023093.7896028
-22344131.0658924
-20183360.2834791
-22425759.7422156
-21201669.4304309
-21388763.6276714
-24096401.8202696
-21930699.4836586
-25495329.4699477
-23121724.6870019
-15370678.0287943
-20866682.7855
-21201695.8403614
-22678494.1866926
-21481217.8244917
-19050680.6730094
-21579423.5841646
-20112287.385429
-24417386.5138988
-22184042.3292485
-18325657.9814026
-12057512.5841403
-21660909.2488983
-24317758.9849077
-23123775.3404592
-20815734.8055741
-20107855.8791613
-15527323.9182619
-21516362.2619697
-21751455.0599916
-17879473.4541605
-15424237.531128
-9200485.06570886
-11032613.9862476
-7179701.74146914
-3157087.31281089
-14433717.5126447
-19740782.1501782
-12735195.6306732
-15201097.5759486
-9803598.1845526
-7145433.5957045
-7465642.79329197
-7316436.27932749
-586859.113314371
-6320229.17296043
-2475583.66264411
354214.624260912
-17150446.7338354
-16851351.7079921
-15426050.580506
-21393439.795784
-11350941.6262776
-6575967.20463791
-3684892.52965641
-9139988.41018294
-8853567.29895961
-4116627.31845281
-5249797.11533775
-11585166.6745636
-23119711.1084091
-15355841.415301
-19678058.8383919
-27658255.2113904
13650783.9406986
1776104.55995063
13319771.8729239
26083289.1415208
3653991.24613874
2206260.5467512
8364204.89675943
10913400.9543754
391069.196205748
-10774449.7246692
-38749970.5787427
-31314565.0598995
16075413.9332218
9811128.59635968
-19039845.2077024
-6768832.06827773
-1079466.51362257
1556381.85064715
-5196567.33684217
2999317.75903021
-717485.934378025
-10608832.3723344
-22930872.4631512
-13788675.2064723
-30515374.7097209
-25653361.4678803
-18206391.5257529
-30042411.8207123
-19173905.7310837
-27749007.0022239
-39867737.6063813
-36467920.915278
-28884700.2502491
-30060635.3025201
-22325295.2464324
-20980782.0553789
-20406540.5792023
-13717211.7383858
-23142002.9597382
-23035515.0359693
-25849469.7729479
-26361249.0567039
-25318585.6066948
-26240018.4518887
-19791732.2778364
-24507345.6231321
-25667773.9579926
-16740825.0072758
-16268453.8911801
-26092168.9467101
-5862018.2547923
-8471798.26385403
-30697182.00824
-32837166.7628553
-22481208.4634408
-14038167.6958591
-1374807.24082801
-15656336.5287634
-5669002.00963045
1187924.11856873
-3069614.55879163
-1202013.65250277
-958748.655402304
-929726.484816081
-13612722.1679631
-7558539.05144577
-582854.465697531
1833801.10353137
-8583785.57243388
-23663559.4314414
12162475.8042139
10598852.0580899
-1524027.45173707
7381480.65443056
-8199499.80133745
-1662555.83199567
-3063059.50347081
-321059.534700912
1361028.48284502
1965257.39840224
-23365731.8500174
-12512845.1447683
-16880821.8222434
573963.303669364
773447.981098961
8555673.08010551
27313026.3101956
-7239229.28060202
-16114004.5009837
-7412954.47257398
3762519.6458057
22777756.3215387
11204183.1709162
2608464.256393
22473121.1519153
8685564.8799257
8499580.26774465
5780116.65160124
-193121.249315236
4133006.99391993
-3088393.66800283
-1670493.74413843
-6369645.60008697
-2822833.52644686
-912090.7321301
-3105912.2517216
-1202368.89413337
214756.438061465
1907070.81502732
1000266.4963146
236130.068319827
837029.752921474
3388031.76283737
2476511.99964692
1804235.02649351
3303957.54428222
2410480.57692586
-9929522.97983925
-6221345.67347675
2373662.26914862
1945443.82310849
-3306239.55146502
-644126.320895883
1147215.47480639
1412928.35199935
1579084.07629691
2437268.45937356
580175.449579516
-8443273.08461129
-8234287.89988782
-14129344.9945317
-17679143.0232341
-15252053.3999395
-27514349.8304799
-27655738.9330029
-19839579.165631
-55198710.7931929
-38614550.6342566
-45090401.9258218
-64085659.747845
-17459730.3762993
-38908702.2373043
-36027246.6619757
-798494.603402326
-27569751.7180197
-20790718.6574319
-8737582.61127092
-18934089.1984067
-13647216.7612017
-6299342.13540343
3004365.11462418
-1009778.64762502
-19447666.4708669
-17069638.5304911
-11132591.7447315
-15428259.874245
-23928245.8665181
-24496911.9287913
-24716116.7137633
-21971124.6537999
-9271451.43612317
-12627768.1373869
-14765798.8248711
-9236407.99833288
-6604020.85168757
-7954424.27854591
-12351168.6868683
-11050467.2736426
-3245504.35661726
-2062946.86371231
-915890.327430403
-1076743.97026106
-12272918.8702249
-12770557.3871997
-4061535.50553395
-5604397.48494891
-4487323.35096887
467683.822785495
3856420.09307856
-8687376.90664692
-32607893.0372365
-31434287.9122347
-15387435.9491103
-780832.789166084
-517049.943697222
-11359410.9676597
-3924195.50428832
-7875143.57827373
-5834482.72204907
5574899.08407395
-18985859.6250489
-9158789.98062756
-20476798.1390205
-10778042.4535069
-3759793.61841949
-15995768.0146159
4533554.17631447
14029562.2949802
9014213.74377772
4159912.98799643
-6556988.92599849
-103132.367271585
-10362225.0828085
-17347608.4683597
-16699652.1646739
-11897093.5798659
-21785576.3307563
-22643822.7421318
16387960.8942226
7374940.23091653
12667836.2727492
12577615.1031452
-4658373.75010405
-10175813.8729978
-10945416.5699432
2748918.26387299
10744686.8473715
1561774.541504
6479744.07510378
4090436.80676455
6060994.25156638
10538054.0310226
-180568.464008901
-4530759.37594031
-15243098.4638806
-7374755.74447353
-15710878.7741055
-25956771.7751638
-4897893.4512248
-7563723.16764633
-5194662.61824571
-7921397.65989911
-16582078.2239505
-7835270.93672129
-9181068.48917688
-17850318.8534534
-34309869.7132806
-28541423.8061168
-38447625.7397352
-43150077.0944637
-27833289.61746
-29305899.1148215
-32216758.8433676
-27958297.1672392
-29468527.0153607
-22452188.179607
-32551017.9291248
-35312870.2362332
-36003082.8203873
-38614180.9822396
-36337859.8927168
-32786379.5330794
-24012944.9017208
-30601446.5747637
-27341035.2361075
-21321650.0153827
3214631.17671184
-721200.915796228
4161852.8846416
17157091.8462225
3293425.86737637
-372836.588048087
-7525789.29226621
-4867245.2397374
-17723791.8820431
-14268863.960497
-10608650.1467147
-8447568.00204912
-8768639.13525672
-9407217.91951545
-3634391.38948126
-12903763.3644335
-3866691.65024398
-5017447.81782341
-13413234.7253872
-4584011.35052862
-8260852.27018761
-17453593.8772017
-26545279.5573161
-21920968.6450251
-27470660.7695312
-20184840.4176712
-19772729.4692023
-6246090.63653217
-8835925.68732493
-25614346.1784488
-4098982.89750127
-15229531.005145
-8222489.53378491
156957.938631039
-6670196.84921366
1454194.16894996
-11241904.6690684
-23449710.6997634
-20602468.0822428
-11974595.6912671
-11581138.3112268
-21166980.6841337
-18656506.08549
-10833104.9691834
-4121690.83950935
-8616991.30955261
-11761461.4710281
-11928260.4218112
-4571795.47758711
12953459.7464769
13588507.3805655
13004760.1771785
-1302358.28658812
-5218942.59644892
-472627.649558429
-1045760.97521445
-1704039.77008686
2911084.0788871
-4795898.25475742
-3515306.85143435
4197922.03420708
2790551.66083009
-2170254.81571391
-4378291.17006996
4263639.81931353
12934895.0685168
10064944.4453435
2590176.30071635
2555642.23114125
-25408614.3179744
4505312.27535981
18337526.7316381
7548803.84447117
4137117.13006721
-14424178.9773658
-3949703.3340757
-14327130.4949586
-6786836.16911994
-5726357.76365761
-5945668.024625
-26250946.6607359
-6848676.48234923
12675269.4700301
-5515771.51023355
4760785.95741111
18763586.3165245
24701886.296688
24087960.0716574
-12603660.9209491
-8437730.27821046
-23816657.6077485
-21858909.7019895
3612276.94231997
-2632391.92166224
-21694891.1452925
-20022129.74079
-18314067.5772406
-16002430.2304169
-510556.474390836
-8710912.45603551
-22097247.6919571
-17326326.8851429
-7002972.84981876
-4327339.18544928
5930380.94742638
-689232.458851207
2768128.30095193
3750388.46722574
9252313.41115643
9840309.84658239
3446954.99490492
2192640.89862554
-2134069.8209848
-5985741.69426916
-19200029.2367783
-13841452.0037658
-14626711.1394466
-17805215.0264266
-13214691.440242
-20310570.9766375
4290768.2342749
6486695.0536913
5108020.35131195
3583226.18653535
-3740613.00599922
327255.070757245
2768943.08465968
-1770482.94199353
-3953963.40284041
-3614931.69769738
-3824952.47514779
-4120936.64033942
-2778832.88261386
-1821183.82687197
-1701184.65734115
-2740086.91836441
-2778249.50438266
-1434727.49386099
-3428335.19248678
-3388684.22870018
-4798778.51005118
-4369967.08125852
-4647568.89680202
-5691020.93573014
-1403785.2710742
-1459050.21726404
-2850784.46598203
-1905449.40785124
-1478207.06388468
-1249550.97388779
-3332763.82761706
-3161884.10100488
-8304920.82846509
-5965657.76438472
-19544563.0281215
-28618375.4542811
-2668157.3483647
-8985139.84311223
-23237098.8667615
-8392043.96334126
-19830880.8699709
-27901873.9057098
-20336000.3000413
-21988911.070855
-26640016.8643203
-24214597.0036668
-21652671.4464699
-19464563.4995257
-19200557.2435648
-17831300.6862508
-21946440.0507988
-21637484.4291561
-19070037.2511342
-19642043.2514045
-16546249.4194672
-12919565.7213075
-6556087.91879063
-5425313.47083081
-7730795.92857447
-11127667.1898865
-5286640.99615011
-8274911.0823514
-15465318.7712064
-7641954.90922616
-11004607.1133455
-15915801.3131612
-14094170.8298028
-13435031.0406649
-12217530.0543072
-11169873.0926523
-8578230.09807398
-16678454.6501087
-22477006.4018278
-17558833.5530067
-19259993.2038703
-18545996.1063431
-21374568.4437618
-25892024.5921225
-18572919.9006999
-24529104.3368286
-28346545.5412065
-12191488.0473958
-7975626.38027848
-22424218.2129535
-18046516.5251504
-24687673.6971841
-31933965.4352522
-23737131.8944166
-12444517.8379242
-5042914.88346489
-3951063.56337025
-8628923.22936041
-3325369.39543169
-847773.215153361
-342814.397152977
-3065028.97552414
-2746867.13621372
14980.6076473874
16302.578588614
-2612875.26186916
-5356412.92412022
-3223858.19258612
-2482278.19836684
-3243510.24022711
-2314954.13660702
-1949940.4812878
-1915412.16810886
-1927735.52679561
-2681712.45621993
-430627.763527711
-1138243.29332976
-3013380.19514737
-3530250.56779257
-1788216.44696734
-2141219.2587616
-3797857.69171195
-1705657.51894171
-2276667.95670572
-2957322.74347811
-1767658.21534655
-33239616.1999541
-37974384.5782178
-35017709.5406125
-42331451.695231
-14761827.6678215
-4962136.0450819
-3913194.37018265
-10279318.9364383
-6981324.63547003
-3265843.45064631
-2312843.5784295
-5510741.78920616
-50753441.7804051
-24739391.9938556
-23093210.7624504
-56852515.2205194
-4403271.97786393
-31173853.5108644
-31246325.168076
-14222937.9054636
-35228825.717489
-25579953.367332
-32947260.056989
-38736934.2992989
-30417541.2821465
-24516027.2620935
-16229542.1156823
-24186937.7357991
-19481677.3850536
-22591874.0508097
-16929566.1812259
-16055367.3251495
-11159771.7068401
-6533516.07307575
-13111570.0819133
-20354161.8300063
-4340863.17008134
-3983669.42678479
-6237548.12949549
-9137484.25699213
-9094883.32615483
-7619554.91651642
-8646930.95734345
-7875490.70446048
-13220542.2351159
-9479613.76127363
-5474594.152955
-7843580.10132127
-3877878.1445105
-4228841.93180951
-7125507.51913789
-3709309.19253725
-9656136.98657366
-9779378.0483854
-12915426.6147737
-13920717.9415948
-16592236.4109384
-13787610.873837
-20895501.0288056
-23473449.1651679
-4402704.14405759
-8880052.80917919
-12770230.4028537
-5986978.85626249
-3501239.53083747
-2497045.67842153
2946446.9683343
85673.8953387423
-13210761.5556056
-10643175.0598213
-11613778.1483624
-3162606.61459566
779042.602428582
-7746215.39489485
-3731266.49947127
-1038223.1225667
-3313291.11674522
3119462.19187458
-1029094.40860863
-5835144.14139748
-54045492.6789156
-28455521.0332455
-34171293.5491103
-47613402.1563514
-5660200.051068
-1498330.89135927
-1352222.15168787
-9497151.81038232
-11477164.6196085
-5044943.24683544
-10324630.8071425
-14060695.1267945
-37732649.6641368
-30935570.4298913
-25040558.9681165
-28151355.6988355
-2253261.62870857
-3487950.13147133
-3502162.00434263
-3568175.60389456
-3528292.05349723
-2159006.66936945
-1928544.0060446
-2951537.26289765
-2347296.00056679
-1659255.94174625
-1490807.65604563
-1642291.57539693
-5435133.36532591
-3287569.37211126
-3788961.82863047
-7182755.95281084
-11365624.465819
-5946882.31505472
-10565121.3119575
-16129412.3739048
-1009188.77576228
-1455402.28723221
-1415159.83034997
-1648942.24528953
-7448749.91655601
-1400287.07496267
1212367.64797093
-10275843.4751577
-18678040.7812547
-16833251.2702588
-23804609.5384589
-19287833.8313056
-19040794.5126699
-14613755.2199349
-8185895.47792439
-6650334.44184084
-11327333.9322581
-12230910.520834
-13058548.8069562
-8361159.26077392
-5204013.9503665
-7888192.71567573
-6897276.34231631
-2257807.27433054
-6514896.99160023
-6016547.13327406
-3720125.48990484
-7135857.50668402
-36862735.7304077
-35615753.452803
-29092627.1783639
-33111187.2462464
-32336119.0786618
-38791996.0044725
-33873541.2195297
-26438973.7164614
-31777787.3018997
-35563120.8937577
-36853596.1425628
-35638692.5776821
-32003972.9751376
-32363178.417922
-35189855.0806125
-31329952.9749208
-42730367.2374768
-52468062.8758571
-48390415.8012394
-39570223.5425352
-58046125.3290423
-58046125.3290423
-58046125.3290423
-53345110.3598916
-48026637.0213382
-48026637.0213382
-48026637.0213382
-40843936.9615798
-37627932.0086061
-43125769.7594858
-36118613.1405161
-35101219.0145261
-29020994.6993802
-25590433.5617182
-10959627.9327138
-19626055.5856448
-28519323.613302
-28519323.613302
-28519323.613302
-8138298.38963637
5584507.06674327
5584507.06674327
5584507.06674327
-5613831.31022779
-8289141.41896461
5717607.67076187
1276816.54391271
-6485097.07759524
-34929436.0756495
-40268090.0913142
-40511585.1111599
-40987584.3982366
-38052184.3307727
-34235106.2206777
-25838912.3271894
-35002253.9801172
-28240179.0897029
-18599962.4616838
-19842872.472847
-23328109.7383289
-43592988.4283993
-38918591.6050072
-36658328.5831515
-38183013.1898963
-11231348.6584688
-40840861.604532
-38989392.3110482
-13411239.0951392
-28964433.9449149
-30982343.135957
-51420587.2648274
-42017743.6960429
-55131907.1761139
-48390960.8207921
-38561507.249864
-56794162.2860025
-38242543.02582
-47674994.3135688
-48162931.7822545
-44853805.7733354
-19287455.4495514
-28565589.4131573
-37818942.5491973
-42909772.4102842
-25295408.3214854
-25295408.3214854
-25295408.3214854
-9421223.446702
7932660.77972771
7932660.77972771
7932660.77972771
2529384.22810638
-22397768.5115807
-7698294.23449983
-7173365.01619997
-15050926.360583
-17668078.4017061
-11297231.8382941
-11935365.5077335
-22107714.9885156
-5339164.33108221
-5339164.33108221
-5339164.33108221
-16850350.868979
-21203460.9958416
-21203460.9958416
-21203460.9958416
-33404870.3302
-26609375.7730409
-18579087.9443399
-32224685.1156313
-33014366.1047316
-34403732.7748353
-36014130.0391611
-29181344.7018013
-30297132.0341873
-45257528.8445708
-37605416.6339375
-34200931.9601953
-33026815.7916521
-26732387.0673229
-29869233.6722591
-30643808.0875878
-26476876.7446374
-24535929.8085385
-24595510.9323498
-24667287.9620549
-21488889.3849431
-21488889.3849431
-21488889.3849431
-60963342.3355465
-47210697.4869762
-47210697.4869762
-47210697.4869762
-80349082.3987509
-72292623.8738879
-59604813.6553813
-68109993.3441068
-49422169.0681201
-41865840.6747503
-41562158.026665
-50413988.0988182
-36560653.5373646
-33659183.6227112
-33659183.6227112
-33659183.6227112
-81304517.2944144
-83677620.4193546
-83677620.4193546
-83677620.4193546
-65264553.3218595
-74246534.6944057
-66005167.3796807
-58218636.4549587
-47909266.5740008
-55040018.9329664
-72931516.2051068
-72214619.7139664
-58326869.3299101
-56238894.4776578
-48029251.9146664
-52341985.6298034
-40393496.5078517
-34539364.6363611
-51183622.5739677
-46764687.7570747
-41187752.6532632
-42733525.4529308
-41197820.6874491
-43853007.5455243
-44333760.7848321
-39419353.7323544
-31947636.8519436
-37639568.560214
-35571603.5644735
-28272704.3358683
-31428762.5856327
-34371519.8989034
-28146317.2610809
-27537631.6150515
-37088951.3771328
-41904663.2721775
-29564329.3122342
-27406189.649944
-27129869.5487813
-28498707.6109685
-25141231.3488553
-23521536.0250022
-23322049.3864674
-27556107.4721617
-22277305.48287
-19894604.3198452
-21798001.1655314
-23435058.575469
-21568413.1225649
-20778040.3208358
-26774333.5346216
-30241024.4121605
-28665877.2501327
-24882014.4895735
-24826940.2364914
-29825421.8753218
-32532584.8892494
-28221888.7271088
-19498032.9689243
-21875833.3920148
-24237643.774479
-22056015.610261
-34457952.8155528
-39129588.952046
-44078031.7493925
-35146685.5057848
-45373954.4045998
-45373954.4045998
-45373954.4045998
-54523378.8549265
-60134226.0197291
-60134226.0197291
-60134226.0197291
-61279115.0886931
-37228824.8152518
-48808237.9066592
-51404391.9332377
-40000056.0344216
-37293072.443046
-46791582.6032216
-34657701.5689916
-28265311.6097403
-54336408.503649
-54336408.503649
-54336408.503649
-40832110.4525563
-30023701.5053281
-30023701.5053281
-30023701.5053281
-32857195.8384606
-24915071.466051
-26456170.1375104
-31559602.4918372
-29468213.144961
-25518635.9461753
-26170213.8863542
-23207256.5684256
-22105209.5372051
-29176462.517606
-30878755.0921426
-26292552.4679707
-26179739.592937
-22988705.9849246
-24763518.1877055
-27622548.5324291
-23893906.9376679
-19378772.5970301
-20625572.0734765
-20142688.1765806
-18514592.2533758
-37680060.6467195
-33051487.9791821
-26502032.8970012
-28062206.0705085
-27034525.2435387
-26481582.4097516
-21502556.561634
-23102544.248446
-19936399.6276138
-13464939.719744
-17976279.0783434
-16206702.9685341
-24576404.3988369
-22623147.2696518
-15891635.9672726
-16331647.0476555
-25297763.9573663
-30471933.5143605
-16856107.0058667
-16767449.956784
-31745111.7462713
-33866265.854365
-25625416.5196954
-15201618.7467085
-15007863.2089512
-11068328.3566357
-4927898.02560063
-9441132.24171853
-10857026.809812
-13971211.3370411
-10476560.8930412
-16007887.7723544
-6098512.51522277
-4388500.6649154
88994.3386909517
-517555.491480634
-690267.802988749
-546873.934425748
3741302.34474284
1032954.10915877
2582867.05157334
1034115.33434893
-2750381.85026214
-820299.540061556
-1550427.90683902
-371814.953900356
-1254201.14971558
-1956181.31577235
-15760707.6265664
-19392059.6397111
-10694826.6615475
-11366140.0709731
-19269793.0585995
-13732965.3096608
3059792.44839128
-3016838.06895742
148900.905977882
-1373590.29108641
-4235037.6794326
-6151575.75824405
-1920023.00308851
-953822.227802337
-6333974.03118804
-600864.804189655
-18001860.1190722
-20129032.0850113
-21940448.7698423
-17964492.4799001
-17943923.5695366
-20319406.28035
-21004962.9489646
-18984585.7599022
-18177370.6230711
-19983235.0721022
-21427650.5489817
-20438335.9445889
-14866559.7481857
-14918733.5584731
-17721115.6272893
-16156762.0713864
-21891700.4406686
-21823937.9261045
-18773351.4675753
-20720072.7387182
-20836052.4462598
-20860967.7970937
-19626931.5597888
-18003004.120645
-17840644.5829889
-16592129.9057995
-13821505.7112597
-12827173.1990935
-19728460.5417836
-18551387.1056401
-15025833.2403354
-19606074.1042159
-12728933.6997188
-10009242.3776384
-8278072.5388458
-11836280.8697513
-8655259.33996524
-7719818.64520006
-2338528.77182085
-5301484.68774471
-1630873.85807612
-820483.457531179
-907483.412301933
-1311900.04770079
-3321586.00599388
-1180233.21318475
-433035.230220906
-562338.975549457
-8414237.5044476
-12462639.0531882
-11392912.2090359
-7268544.74617976
-15958165.9473713
-15082797.2250692
-15608228.1424074
-14562726.6872326
-8182881.17238524
-5078578.2799235
-208242.851190058
-1337787.99161208
-8082216.9147788
-7613557.47501078
-2982043.49560867
40440.7373901494
-19517177.8037331
-20050370.8269972
-18187110.8164862
-20293810.2326577
-23635118.0636567
-28440326.4982294
-25675813.7031287
-19760111.2948906
-21512571.1728927
-25653173.0829732
-18816334.8463354
-19623982.5386764
-16526348.6768128
-19446816.5548312
-17657251.4072105
-15880117.7228735
-32169556.9753688
-38366306.7356884
-36263867.5389084
-30504557.6102323
-43566512.9303109
-46153737.5094998
-35586925.4423851
-38317553.7781259
-30546658.9320569
-25845709.7501902
-19183734.4269211
-22136760.7394177
-31601375.1267022
-33566765.4536787
-26074674.3843875
-19894021.0079335
-19641246.3548716
-19371357.94233
-13427504.8403331
-12511749.4596912
-19442087.6507163
-15341990.2428147
-10634277.8357286
-13414530.2335064
-4762269.31689825
-497010.694879354
-154286.101573208
-182780.605086891
-441598.833921679
-770847.43484095
512321.192484306
-2382705.7440324
-7972888.16553451
-9655997.72753736
-1869442.57224989
-1079152.27356279
-13231999.0851343
-18725253.4130357
-8165087.10952135
-4086114.91918589
-943037.678671186
-1129613.78813182
-1571971.54833471
-917571.783028338
-339517.450656513
-896571.163871573
-1429316.62925338
-1295397.91523291
-16537266.2791261
-10718375.0820364
-17183626.1795857
-22059646.716766
-13489342.5659867
-14659878.5404292
-15069235.2468891
-15652968.8501102
-15261797.9869943
-17669003.7746393
-17761045.8222101
-14706039.0262649
-16499433.5769444
-11267245.8095288
-14254856.7052615
-15874141.1956901
-18086799.0954297
-21102685.551486
-22183875.2460166
-18243668.7416084
-29070104.042777
-27061887.5558778
-19491944.498373
-30229900.4355678
-22168223.5087684
-10407693.7875963
-3226398.19854107
-17095841.329404
-17640911.4294734
-17943345.5667805
-21225143.120355
-20413733.0824428
-10574140.5886693
-16664643.5313601
-4298293.23967526
-2535191.52826816
-19605909.9053783
-12118939.7582134
-6074620.00108194
-8190267.00676738
-4698740.98263407
-7454730.44779096
-1516199.10325178
1004299.48923358
-1676259.80144139
-2934608.45426176
-980096.151307639
-665786.916026803
-9423631.17638266
-8981669.09747697
-1078007.81334487
-1098485.85339947
-6876726.59462863
-6644509.36998292
496531.241324776
-1619526.38464372
-1008629.43105002
-184294.703639759
-164283.825484061
-318614.764423352
1382432.78556943
-621302.346023034
168478.371224076
1111824.55892076
-21632816.0863163
-18095354.9755157
-13776887.500357
-9017163.50163596
-20547302.2450982
-19357211.802476
-19255935.9933374
-19724267.5986253
-10461753.0575979
-11326842.8699121
-2423477.56639765
-2927468.9896335
-4108556.2697686
-6971117.10615479
77226.9193086224
395876.636366574
-28002747.5609589
-38786954.4138174
-27120187.3803315
-22018150.6851446
-48774801.3581018
-53917080.16109
-41376284.9176562
-34303037.0885597
-13036574.979434
-18440561.9098118
-1306217.36497778
-1995264.68558448
-10341795.4430814
-10487894.5067265
-2412803.24529056
-2001021.61048078
-614550.933088394
-599197.954146961
-151280.00213684
-28299.0482102092
-306219.832471662
-425873.971958452
-366138.45546545
-190078.242079607
-320716.710642902
169106.523678479
-324631.157285473
-119353.597811134
582571.875956926
434207.96157169
-152569.627470039
86885.5331527845
4208521.89018811
1244543.90541985
5081380.01169276
2341902.15477717
117374.774777095
-692442.84463682
-6079.78074484365
2092802.92802795
-101187.544827239
502040.26475686
37575.9798097491
-623093.302251736
-769002.905623645
-501379.759097751
-1980613.26572301
-3993181.38635299
-51873100.6494671
-43598697.209731
-44037934.5765311
-46937385.5163264
-39004554.1466787
-30846616.1027214
-29631444.9799887
-37371109.9327887
-34127405.2647468
-28488137.692636
-22338334.5177163
-16866418.2280562
-26306271.5562358
-33142357.2539911
-7716407.30292406
-3197956.682232
-23657118.496793
-8624464.74613403
-14764610.232401
-23671975.0045839
-4847692.41309491
-4944128.54292921
-8579289.10148587
-4962566.81517629
-7924758.58543336
-11199189.9448663
-10573463.1909415
-11789847.4905008
-21453144.5198938
-15580221.814974
-17194618.3395865
-21246569.4411169
-13169509.0019779
-12091982.03083
-4269932.98416139
-5378717.37188043
-4964839.62403197
932340.356244824
-49018.0327075573
-1261295.8771621
-694873.584039777
-967647.991438673
-1868874.64384041
-1326436.36934707
-1476948.2411749
-743348.822638712
-351304.271047374
-706673.910812909
-107945.896961308
-1379554.53277251
-274713.144463743
-404507.488409175
-4459671.32919658
-9424214.2389758
-4746150.98360418
-2697082.40033831
-2098427.31261438
-2477866.91710845
-1441121.62890303
-1863535.38701975
103055.0284975
-1110010.32413321
-1503005.20778967
-1000634.16646332
-9075342.56821888
-7061476.53156647
-13867207.8181707
-8886575.55571042
-12935850.6185625
-21722688.1224772
-25363169.2281858
-19102633.8832851
-25199563.3318584
-28226868.8626702
-29241295.3148202
-26753542.6727915
-11538098.9756122
-20034372.1284878
-21726530.4137745
-17911440.9430617
-32487629.0345321
-19946498.7082238
-25480137.5208945
-34990265.8451898
-4776936.07539557
85938.0467242391
40195.9453785704
-5722738.48446901
-13320159.4896631
-470855.809237994
-14946210.5612412
-30303009.1223477
-34493252.5457155
-32520244.3416922
-35564808.138702
-33414079.0300773
-31375362.7122265
-31642436.4326548
-25025333.2790582
-26309195.3625463
-38289670.3535554
-35514954.5049258
-36936564.397422
-28573753.7556915
-27049263.6768357
-35204407.5785988
-33263508.2977554
-28016515.2469128
-22179266.3330433
-20896907.0555961
-22754024.3233458
-23962597.8241658
-22747252.3392262
-22913413.8243176
-23203633.5502145
-24660589.8722517
-25350078.1305018
-26242161.7938231
-22290396.865048
-24440267.6742516
-23582080.3419755
-21116208.5834348
-22670347.3962947
-25422712.3216596
-24914696.844642
-23427532.5464244
-24650506.552607
-25676492.8007131
-9525927.55275539
-17104734.8112406
-19094189.2536242
-11636284.3017074
-23350788.5916404
-20379886.1287654
-20839612.9644229
-22282651.1723608
-19522881.8392789
-18928328.3991441
-15966305.2725732
-18297972.0319959
-18734891.026562
-20359110.9922674
-20518516.3507169
-22418097.6401027
-12495866.9025794
-8644060.46291855
-11807734.0859189
-15591729.4308832
-6274332.50616513
-1759028.47408953
-7433330.3693375
-9826045.69920055
-20135223.2462402
-19316441.9448954
-26374096.1349405
-18746620.4537406
-17460940.7702235
-19051856.796394
-14808957.2679611
-14833744.196105
-10087348.2947032
-8227654.50857537
-8840007.06522978
-10927922.5009935
-10266636.6111721
-15852251.9097452
-7539241.27273546
-6672003.89694069
-6447184.00008262
-7105010.57939627
-3763975.13071138
-6917332.77178957
-8475229.55773616
-5135648.51107907
-12692138.4585603
-10551108.3743915
-21901741.2733298
-17505045.1948829
-18451209.5922317
-23547323.3307877
-16217330.9437903
-13798039.8838605
-12940412.3551227
-15498731.4376613
-12737554.8381931
-11156582.7779441
-10919944.5604356
-17255286.3349513
-24281874.8729682
-17742867.4050068
-21628022.1803878
-21280710.7293208
-20781293.2628026
-21769723.572116
-15889650.4124525
-12940172.1733759
-24582544.0830299
-23400786.0540816
-21131456.5583676
-19538501.3157646
-15784337.7004638
-19393976.8623156
-19305974.3397357
-14665859.6234816
-10211742.1168256
-13456369.5106824
-12994857.5313028
-9688945.10355414
-25462772.3171809
-24494338.2658751
-23308170.4357269
-23258619.1368353
-27951789.6917662
-34239401.1781342
-34283987.9654377
-25578179.4809313
-18670959.1859012
-21846324.440493
-3486503.77716363
-13079648.3891306
-20582489.8158219
-21873997.3578936
-21923349.1057641
-19029174.5513806
-19874656.1557047
-21700190.0754001
-21389124.2637255
-21596860.6151543
-15088243.9989193
-6505734.98190637
-20939693.2869467
-20657029.0553171
-23806623.5870627
-26305264.2139603
-29350805.0876309
-24684465.8944498
-21218298.5945424
-20502960.5293737
-17735509.0527862
-18142839.723401
-12085686.9233705
-14955894.7191992
-17535889.1768515
-16227657.1578945
-16361837.2386726
-19988420.1578647
-20413832.7853011
-19481692.6131544
-20203386.8848084
-19335068.063274
-15152958.2444697
-16730033.2502446
-18330386.2871529
-18438866.6260098
-15677205.2783907
-16564812.5058524
-31856609.4331224
-29980555.4233076
-24830442.5011348
-25153584.962283
-22417112.3528194
-12083761.1493461
-13587401.215353
-20629996.4076232
-20925629.7323129
-13819685.7156668
-15656580.542457
-23277362.5218973
-18928278.1319616
-23488867.9780912
-22530100.0078358
-16262272.6711115
-7882647.37673327
-9240917.75469193
-8312386.57498528
-8719849.25462759
-8872115.50701913
-7141643.34808335
-8317589.41332715
-7519396.81135029
-8944393.41711877
-12943786.3120444
-23464009.8925417
-18344151.6205238
-9408965.63850897
-9549886.80750243
-12874113.3807626
-12723019.9409589
-24795586.7252901
-28737609.3636015
-28448868.274211
-31662868.4644932
-31568540.0502369
-28679215.3790636
-28299722.9870256
-29396241.2375657
-19338235.7577825
-24903396.1116883
-16474150.7009738
-11136879.1399898
-23866917.0138136
-16364592.3249985
-9755775.05638565
-16231866.3098656
-14830051.4089581
-21764156.8558901
-20565378.9850388
-15271005.5857523
-29031292.9737893
-26115326.0842228
-33793988.4809785
-29811331.3132525
-30181433.8733919
-31134236.2583739
-26075534.9211229
-28103211.9749203
-15716850.720395
-22933955.4191968
-21638184.1908824
-15933728.272486
-15933728.272486
-15933728.272486
-14761770.5721496
-24815734.3452939
-24815734.3452939
-24815734.3452939
-13461365.06176
-10519772.8361959
-6206378.7688709
-9176657.28345302
-3791703.5223475
162116.172636951
-29121476.7295225
-12493580.7887006
-12392649.6538377
-40124097.3101077
-40124097.3101077
-40124097.3101077
-32252884.9987588
-23454849.019795
-23454849.019795
-23454849.019795
-52490791.3610462
-41343832.4237579
-38058538.9178192
-46811292.4036165
-38131083.4404246
-31185790.0207858
-18932277.4340779
-28909633.1679631
-21061875.6687995
-10265863.72497
-10819843.6920081
-17607258.0659825
-13168587.5731262
-6558776.84946481
-29262351.873142
-35370559.5409573
-28079358.5115725
-22246253.6827859
-17707632.1482986
-23892967.153167
-18376901.8462206
-11031682.6253292
-6023199.5883244
-13384469.1104942
-9426908.3965035
-5239546.43208274
-43292554.7464133
-17467535.1026781
-19591448.4154929
-38784004.0291234
-3247403.93729938
-4336860.70077387
-2574352.92847453
-7875613.50690132
-14626457.6382774
-7041441.04156189
-9363706.70980479
-16784751.2687362
-31703009.4871793
-22179044.5222312
-20885675.1986357
-22384290.2930123
-22384290.2930123
-22384290.2930123
-2894829.41881686
-8294594.24933223
-8294594.24933223
-8294594.24933223
-10900940.5875569
-9465202.54015146
-14453542.3518966
-20944351.5497817
-12863628.0461149
-5100350.37245203
-11694780.9790389
-6661578.2713802
-5699135.89629295
-7887172.98329862
-7887172.98329862
-7887172.98329862
-13667586.218416
-10724910.1784646
-10724910.1784646
-10724910.1784646
-26289954.2004681
-18692416.6648299
-20416112.861701
-30844770.7085734
-52396068.8078647
-36464489.4479399
-17759193.8878569
-16383482.5142136
-23291987.4038402
-21659571.9188149
-11519121.9894446
-27549548.4172762
-26037324.9859721
-9922068.57158199
-45291355.7856684
-57362997.1197648
-44718656.240151
-35010206.0821589
-28101473.0287546
-33316673.4579984
-21784167.3135213
-24140479.6336714
-15302056.3124608
-25838588.3472972
-28475042.282918
-22186135.7343647
-4912832.49492771
-2213300.04045592
-1573223.69516592
-2253277.12496779
-4176066.60733947
-5396893.89662978
-1369310.22623174
-1805902.0790575
-13475.7921424826
-1616156.41970164
-2159742.04985834
-234700.542143787
-1605438.93245438
-322447.094321934
47520.6106668852
-1092489.31488446
-30021171.623816
-27622929.2920848
-29173996.9196626
-22442951.4464813
-27554570.1349517
-35121935.6007998
-33008876.7657001
-26651317.7345569
-24443588.9588332
-29361503.0193969
-24604259.6272927
-13082086.7189865
-8392581.32786367
-19048245.7453615
-5566804.86937694
-2320129.18637884
-39456196.5310961
-51409493.3442759
-50740070.207865
-36871259.675849
-60936852.6793548
-60936852.6793548
-60936852.6793548
-62655438.6373399
-58004702.7059839
-58004702.7059839
-58004702.7059839
-47474053.930027
-31966826.1477534
-45488448.7851112
-37244712.1816674
-29067797.0383509
-22266276.498435
-30462307.3151135
-20814351.3106867
-13825734.6326577
-35550118.8155007
-35550118.8155007
-35550118.8155007
-24437338.4648321
-13643609.3033147
-13643609.3033147
-13643609.3033147
-8099336.03766431
-15873964.7873218
-11516913.0629894
-12381110.889719
-26439225.2929825
-10815691.8413441
-7139219.88241274
-18152968.95393
-19059101.3882868
-5886495.30180847
-14642991.3173543
-11194492.9036211
-13210434.7948744
-26597600.8380072
-20657067.4106043
-30254838.912878
-32956495.9334497
-22097145.8971508
-25662032.6992537
-26568178.5455655
-22720206.7490311
-22720206.7490311
-22720206.7490311
-32283572.443432
-16803969.8345194
-16803969.8345194
-16803969.8345194
-33909157.2007834
-36869346.6152046
-29890798.8701707
-26015351.7469812
-19121077.3977468
-19210835.9673317
-23033423.9844883
-29070337.2897338
-21825456.5666166
-27679749.4597748
-27679749.4597748
-27679749.4597748
-23870491.3501001
-28750009.1762432
-28750009.1762432
-28750009.1762432
-15808565.74913
-20794234.9227598
-18953169.7611479
-18444208.3034863
-13882379.7706443
-19815350.612257
-23030905.0536591
-22276721.2945518
-23971582.2468165
-22624038.5333424
-24444444.9963928
-26598376.1123977
-28783493.5658699
-24181313.3885025
-13720375.5598341
-7386655.15273042
-3437106.97514548
-11604920.0993211
-8904464.0937162
-1902366.11048358
-1825059.6369355
-10933198.4636123
-24538751.2986991
-26292012.284891
-29160151.0075748
-24284234.0612894
-26269755.2159959
-17564766.0447486
-12746643.1099844
-24483004.2447678
-16556443.5296967
-18966079.4010743
-18215413.758227
-12371220.7881527
-13718731.0910901
-20777019.1812816
-19956498.2264567
-13578115.4284396
-20728851.3982872
-13234987.5866117
-13549579.892798
-18052516.9896431
-491285.065685684
1860910.02517655
729052.084241834
-1837957.5578841
-4984296.1755063
-7515363.56173695
-10255253.1807996
-4138489.49844991
-3217852.8142518
-8233256.64512517
-2382863.91271356
1223986.77798494
-3658797.72847329
61791.5214481475
409695.180018766
-7898706.13657417
-5781681.17726956
-11567654.2181924
-9028059.08204052
-7609693.3606627
-13028756.8604988
-18186092.5534292
-18586317.4155968
-12790002.4013245
-13231865.6708876
-15896294.7277008
-12177325.9538839
-15636983.060198
-8413809.95945874
-11624032.308014
-15841448.8203129
-8345636.64014394
-9588711.14978991
-11294688.2402175
-6537298.5769847
-11257779.5753049
-13146113.9650756
-10220433.4926508
-4356732.1521066
-3313108.66721832
-5503706.15252894
-4147141.77315314
-19687182.0051964
-11339979.1750555
-16158340.4541798
-10114579.5217592
-5059604.91856552
1970641.6683293
-11276941.2660575
-15280601.6652717
-15052936.6649165
-6990335.16734976
-11734241.459162
-9629163.74087299
-16796571.848986
-17650748.7977548
-9038937.30988191
-15460972.9081402
5834347.34461076
5685796.79093442
1873966.43313472
-1411722.87895776
3601669.40811812
1048687.72407579
441479.398503058
-6021465.44030325
-6512263.01267562
1380816.89145096
-14156000.5308861
-18180752.4602897
-23658236.3684012
-18021741.4629095
-20989277.3650801
-26217993.6598688
-20169778.5069617
-19384391.4720319
119791.503234261
-6620543.20586919
-9414895.0504306
1399210.97797082
-19552847.7084562
-9113957.18005144
-7753668.14821516
-23645286.1043401
-2884801.7793146
-1547047.27439447
-560779.162848942
-1889523.41455398
129725.765640974
1708031.01801737
-3233476.05884563
-13403349.9368823
-30084941.7830995
-10756606.0104682
-22466235.9423462
-25998233.3546533
-19889030.9617331
-22919569.1085067
-18951924.1248819
-16002740.9999701
-27860231.8126026
-24976638.217503
-26565877.7308989
-22347203.5700086
-17662872.4213927
-20417358.4073073
-16708255.8608121
-14971192.5842448
-14266115.8306669
-15331842.6852326
-13448763.6188578
-9801181.07354042
2266528.53753075
-11527438.0902193
-14521642.3012844
-5883766.26517531
-11523658.7935067
-14797771.4651102
-12074309.8778272
-7947897.61950326
-5429846.09810692
-8080152.72842839
-5018326.1258086
-1518531.50695065
-7589184.5001352
-6314554.13481494
-1658402.25311301
-584961.432315817
-657422.075693644
-2074412.50851973
-982034.615684196
-1203084.7142435
-2571344.29972707
-8175954.47823874
-9655125.15232985
-4565482.0197286
-2585197.24814869
-10993587.7515499
-8932900.94393969
-2302356.75914352
-162405.820507156
-595617.802562236
-587552.686301492
-422300.708271931
-13290118.8524954
-14688082.4660761
-15760448.6857366
-12153816.1793941
-14809129.4997689
-16455812.0746453
-15777509.0147528
-13878414.2102999
-13979097.0075256
-14655192.8693184
-16906976.6351877
-14892893.9401466
-15134671.8320417
-16368223.5548671
-17821785.7671247
-15260534.758312
-17425365.6741332
-18932670.8855745
-29030425.9967947
-19484090.8878327
-19810458.6757496
-21427967.9185092
-30344122.6693912
-35885528.0825798
-27694903.9249381
-16013781.8725732
-1340448.74599791
-3036872.62603225
-25065376.9589413
-40072056.2951696
-22926942.6424893
-25005287.9700474
-207653.091526114
-643758.727952333
4389.92547528143
-970170.014069074
-1361702.41400861
-7559149.20877824
-6512849.86784902
-1330113.35661319
-597271.279181764
-5597954.85707455
-11936869.076758
-4924978.74482057
-3268763.17527976
-4475874.88910803
-5096834.66357053
-3482393.69035379
1281150.4681044
3418718.54543312
-7547170.66737641
-1985437.03633235
5066494.41289332
5493016.27065586
-15211162.0356988
-12442639.1320121
-13125488.6094908
-13476956.8654695
-5064142.02796699
-5055619.80079301
-7871533.24621182
-13162609.4656389
-6622345.20489644
-7906176.09395603
5775454.39940272
775221.189512249
-7258889.32037791
-11129823.042864
-16994328.937253
-32700904.8895123
-13545153.9915169
-5816526.4864592
-5904407.53767853
-4328525.67507924
-8178222.60826487
-13090990.0680289
-12783547.7779557
-11264578.5104453
-12414707.7192142
-6591313.33423327
-7457551.38938199
-10342027.2078836
-10196697.6543622
-8857498.94956789
-12661715.237077
-15267497.4383663
-17674255.5709258
-11875369.5905589
-12388687.8774516
-17487960.5960578
-17604399.0356226
-14731251.2759414
-10582235.5541308
-11462550.1749172
-12687068.1564999
-13847871.665988
-4856166.05065608
-1406282.8663914
986172.512344443
-1947048.5008467
-4800115.46074683
-7140490.5563273
-10604051.1439883
-7604796.20663093
-8395156.87920139
-10757604.09228
-11230198.2453963
-3568085.69150417
-1273238.10728717
-735014.547834062
-1197824.18274791
-1525219.77358215
2972555.81508062
2494967.58952669
390268.190745243
656221.965767565
2142367.36223106
3855555.76362072
-2954214.04569247
-79970.4620801555
-1346240.32119262
-2979732.04537724
830533.943548091
-340282.686567172
-383012.950480569
-1363040.07282798
-203656.26890945
-121502.954568134
1846127.33858568
-5414120.26259181
-9208041.16857778
-4352626.23056887
-10494500.6847682
-13039955.6381452
-4747628.24403517
-9528057.24605152
-8134060.84949988
-7270348.31234178
-8602570.26960589
-6532122.39566383
-4881083.02191125
-7878124.84722954
-4383249.0414501
312563.311571437
-396815.244003977
-903457.101730024
-3545677.42391469
267570.032460246
-4836837.61535634
-8909893.81059174
-10798227.4822618
-4393517.24821308
-7047105.36842654
-14969622.4547438
-20143564.5909551
-9346974.01513498
-391355.963497575
-4016685.78338685
-4589290.6880896
-702326.436988366
82373.5681871695
1320348.37141362
1058432.35701412
-1027086.55825174
878972.530837038
2098657.64030884
1023006.53971283
395003.842106043
1358169.01012692
638220.476188208
1697495.94087272
2608339.38686959
-3778290.82957696
-9610.60320981662
-895012.203451195
-4506237.51546702
-325642.718176059
-188804.133948624
342280.936480844
-1119987.62087611
-258786.28160579
-86721.8545138639
-188337.273202311
294915.473254515
-827168.933152198
-837074.587904913
-1995423.47982391
-2308086.84041209
-1073301.64354546
-1077157.94435097
-2119553.53548885
-1658884.00156714
-1267491.39186735
-3703340.42482359
-5171032.4714911
-892615.598283007
-10213821.2564279
-13427297.5551728
-12944346.1232608
-10065574.2620037
-11017489.475909
-13644260.040894
-11637610.7198982
-11155994.3390551
-1738553.83070214
-6349390.16266195
-3601927.03196426
-2115860.65045045
-1277212.8048259
-1580991.93631343
2081306.06410788
219792.560061867
-4496852.07836213
-4221232.31434814
-6345603.01865528
4802160.37588516
-8674482.16461641
-14865784.8324607
-18940338.1872481
-26952237.8573093
-2125665.13802803
-1861898.45953447
-18534083.4172811
-6302177.41065588
-2555532.8924447
-2308752.75410435
1314830.5622088
1862544.33780187
-1355731.41926317
-1357906.10373733
-63232.0766404895
307107.596515886
-872944.556208082
-1954680.3822481
-233550.75672681
1681644.68147021
3568430.05559897
1505005.51702135
2840778.23479503
7836713.18240286
-2689495.95298086
-2714306.47954864
-1307905.68615168
-1600884.91390601
-6263217.67104048
-10620539.9479658
-11994114.9090063
-4190233.40272067
-1814406.73589915
-10007265.2637756
-4703828.7804137
-1209156.1709452
-226681.911122485
-756215.514735006
-364774.036595218
-569065.391765703
-18934032.8430556
-19687990.1601229
-22968116.7671094
-19151170.3794025
-16607711.9809699
-17249352.7527105
-24351180.9203008
-21474525.0489972
-23804621.1890893
-28513472.7677572
-19672895.3623681
-14559012.9740163
-18880334.4042639
-22041122.2968248
-13485880.707797
-11562469.16804
-4389656.63944277
-7044252.91691241
-5302859.38977219
-1553871.35094026
-6303933.1467008
-9341733.40316307
-6591294.88621468
-6643699.41620126
-9579825.97694231
-7978732.20675264
-11045628.0835987
-10760664.8159746
-1202252.05693919
-4976201.13801296
-4812870.9681561
-1526363.08030435
-884882.940083115
-760604.922690539
-725913.071822906
-1315070.30866932
-664533.917833306
-1958375.6035706
-704248.592899929
-490757.205684142
-354819.570214805
-832348.34480498
-478316.755747119
-596790.77716041
-1880899.01907016
-742128.062803945
-476414.978762958
-1438821.71676171
-2388649.39652586
1241228.52061687
3312794.86587776
-2643530.08679105
2732019.64664651
1830935.65425769
1044037.36675698
1928447.8128023
1609092.33892631
94241.4496767269
-894406.911154621
294184.754331531
2892557.42808795
2155556.60298401
1135880.05575143
1416226.82504413
-774175.563445007
-5596162.10891385
-6135588.16403718
-1690352.91349668
-11871811.5198311
-15927240.643765
-10380108.9813908
-10595768.0073924
-7520737.97055419
-8863148.6166448
-8515640.27178146
-7505831.59595194
-2504065.55814602
-7269118.73476758
-6411669.47381411
-4584845.52507038
-7935592.71098514
-7068976.86848174
-10396933.3414128
-10573497.7721062
-8469023.0424438
-10566608.7657329
-14203176.4778019
-11897185.2811431
-15059794.1153619
-16371691.6323264
-15946316.1582052
-16072243.6394386
-13553117.6567383
-14362345.4289843
-18355192.1175103
-17640604.7534217
861748.315557922
370255.161894446
-180215.00904797
295134.024482809
-110196.153042613
-2957355.66872116
-5944813.56880551
-1101178.01788335
-2964833.65164619
-8512564.57628684
-9357023.30316375
-5437651.21782744
291478.434542859
-1119111.00279055
-2044916.16016544
-1277684.27911261
4077020.58429667
2241618.79964713
-11446490.3857505
-13461422.0604565
-2561261.2524993
-6262290.55464484
-541107.613989227
-5770965.78330797
-12793568.7999338
-3116273.19545508
-468220.748950913
-11954756.1859718
-20768572.4845342
-20180840.6738799
-22884685.9025124
-31256289.3481279
-4888758.43533995
-3282660.98829518
5999877.17983743
3785842.51281498
5660971.25989738
10138252.2407601
1088557.92746661
752669.152703398
-3188092.86218039
-7399180.86445397
-10640154.8758828
-4204366.02923867
426381.877237108
417814.495171791
3319251.67937489
5276761.76786811
9690244.86838391
6464127.05732641
11259298.4487218
16726027.8550991
-3044652.21626539
-12513332.8012512
-13644196.481095
2104799.63805853
-6934687.44738581
-18354952.8290555
-16153778.6092666
-22572164.2578558
-380585.759528179
-10700120.9397545
-35729993.9801414
-30669689.2060923
-33057548.1067862
-19908762.7461036
-10271512.417287
-33072171.6642723
-5220265.28812427
4232242.66158347
13316772.2307905
5026648.99696269
-866112.419327386
4222313.82404812
-28044762.4071522
-20514247.9871736
-23585876.9557979
-10506615.1776159
-8626645.3526211
-11819519.9035645
297162.301277811
1403992.1479728
2918687.87281552
4804393.67360816
8710861.9656313
15527824.2141713
-1944728.71605081
-924321.548818523
-10311707.7901245
-12290230.9623557
-17411638.2270246
-14211961.8217681
4054929.06268605
-1503218.11354008
-9095804.00378538
-1358525.7855055
6116375.90591425
-7184835.47142777
-605788.459126286
374950.64833486
-17655004.4415795
-15992754.810075
-14295351.9392094
-5487944.29737921
-7249512.80731386
-6884299.63402147
-2883174.05275241
-3925160.26484795
-10690914.4476675
-7089034.3848209
-12626652.5195058
-18320394.1572114
-22164544.5191963
-15099684.5772468
-15208986.375308
-21105165.7964674
-9052887.85002811
-2514538.39761253
-9763194.28673373
-11907097.9144067
-15421774.6787457
-12601620.377779
-10563511.1247318
-13912394.7513938
-21459284.8213969
-16522173.7574544
-18831050.8341789
-21230601.9554744
-5683694.69485361
-14536663.5642861
-21003142.3073232
-7854301.15437081
-21685736.3636035
-24937831.7745883
-28740934.4185939
-29965949.2624591
-30801809.8340932
-26977868.7935538
-23856998.5620932
-26436358.192184
-9791161.5590541
-25641422.9040725
-26693780.6030628
-16115231.1604082
-22340511.8817974
-30103287.8571914
-31758759.2756013
-31662469.3861158
-34081439.1481473
-35221529.2111655
-30531018.4817945
-34708713.4174412
-32653502.5898399
-26766582.5688813
-18205295.7741522
-25537433.4072807
-36927489.837583
-32591030.0423516
-27512054.0485596
-33295626.2835369
-25490483.2096826
-14589367.0201667
-10383759.2558054
-19788375.5619125
-7119179.35011849
-2059064.9235801
929898.823014042
-4661732.88540121
-3604631.87504596
906676.239792812
-117835.099166295
-3542470.44620491
-17054588.4424888
-8405719.50007604
-5289757.16281748
-9443501.90354673
-6699220.37969244
-4920651.42650334
-2376138.94897146
-4091610.12162182
-2793232.13849157
-1101293.07944306
-406877.514491845
-502384.128305279
3065289.18078634
2608708.67838168
-21997.0149275051
5661413.03562956
-3890601.76908859
-495477.68107485
3272591.09525543
-2290757.94025912
-28835038.5017024
-22865289.057941
-10988035.8368492
-15365694.8221688
-15392279.0932027
-9704004.2689114
-6128759.03044313
-8669757.82278452
-8999352.61862907
-7667014.27723206
-5434596.29837397
-2806183.43964214
-8365670.2079906
-8740545.82216271
-1901552.58961888
-328715.840209774
-6185304.9445246
-8667646.22488217
-3433155.00806196
-4023599.78611726
-5728885.31423769
-3968975.60149396
-6534800.12747492
-5152681.17271816
-4873136.25934626
-6825874.6574525
-6666776.10930139
-4689481.29220004
-6629484.72044112
-245415.765705198
-3303127.52544764
-7908902.86231083
-5189674.87268591
-9939362.16660799
-10330035.2482295
-7271810.59811684
-17927547.3480915
-18770536.4074802
-15381705.3903361
-13376830.2084595
-2843139.72082448
-5464478.89991298
-5130503.24337035
-4135411.60682759
-6753393.85934366
-3501688.74834374
-2597396.06202334
-5745956.17700151
-6967158.31984554
-4565775.57097893
-9882740.66523907
-5233518.68434616
-2667293.25649626
-1584097.66535097
-1311450.86215368
-5947424.06332506
-3880395.07987522
-7811705.99823452
-22035635.6886731
-11676635.1028861
-12102983.5812239
-11911614.0787921
-19108837.5417871
-16158321.3098004
-4890837.47007713
-8480504.66699151
-9447850.8907128
-2773367.01471739
-6575464.26710505
-6103498.98477605
-8332259.53885142
-10726140.3144934
-10842781.6746105
-15600159.8359041
-17167322.2661399
-9214277.65229347
-1012413.61497462
-9733849.95675718
-3667967.9199092
2592892.38167389
