1783413.23955603
4729912.49158882
-6535205.08661235
-1289487.40703519
9231309.13104556
13784489.542212
1498009.98899449
-3083867.10426585
-5327812.71422129
10116877.1617417
3204097.68990657
6537536.70016102
-10310199.8107255
-8585977.28372823
-7283739.10535484
-12131131.0367335
13013838.0703459
8049242.49676946
13346616.8403316
12430474.4763747
5743880.39715325
6999529.27443756
12443899.2527429
12211241.1694598
3862354.93618912
5101022.78279129
4468636.27278409
3887543.08633449
5507823.77346555
3053394.3177866
3449994.19671488
3410357.48213857
4850185.78714644
3792554.05860771
3885363.06852975
6187305.58525727
3818067.68127088
4001195.79902178
4000197.72186736
2782495.91803952
2348054.6027976
4262951.81267613
3662991.14665327
4473503.37286012
5863517.92201195
2071103.40048597
2495336.89130739
475516.87213519
-5247157.09784781
5022452.14636214
1587683.02445769
2613777.29154936
2412211.97686428
5368063.17245937
6542867.77364073
-1349887.75255961
-1922057.19452063
2055436.13225576
3851436.74970066
1383438.85676691
-651309.786338493
770253.252658863
1270015.57943948
372299.279700952
-6115638.29355557
-10289563.8302496
-7413347.38695237
-7254578.3288491
-10434024.3242238
-13217594.123185
-15451722.2107863
-10723192.7284137
-7123061.98409924
-11848629.5903998
-9089988.40575288
-8284298.27174191
-3479166.46332851
-3651004.52600253
-4040041.71170081
-1262599.97568705
-16663127.4939344
-14703596.1050992
-14303761.2202241
-18384041.6580908
-8723983.13660078
-1444669.63577438
-1220564.4552341
-6894398.43839758
-3730917.99725532
-3048013.0349824
-6933339.76621457
2391078.72570978
-12313473.1655821
-7372078.92927394
-1103758.02543264
-5439606.24000039
-761844.608197514
2787587.43599545
8203799.1917311
2432194.08524112
4968961.13989659
-8424658.37457266
-6232942.2606381
-136065.235140091
-622905.213684238
-1458571.37372471
449039.248942306
646269.061457128
6306879.01875649
4906382.24462729
5568481.95798386
6489558.33483322
-7776830.99175354
-6581530.21785358
-7908942.85050019
-14552125.7507397
-3545249.02909321
-4771687.88005109
1726235.08936409
-1648538.39064432
-720506.358068953
1197840.25282806
3517661.68719945
600496.475473913
-11720616.6674227
-7533742.81651394
-2327895.9900975
-6323678.30979787
22616530.2627953
28745529.2907928
30252499.2163173
34769415.5621857
31624343.9726393
27679658.3028771
14544640.5573102
24741989.6881527
15531424.6400642
5627681.4327
2201096.57387757
16833060.7407073
37744048.9821287
28877181.1893014
33090741.4537364
28120355.9903497
17087982.3743633
8635364.27859719
-1999678.7146949
4422060.36803217
7300293.07906573
2766952.17758835
-6582999.08135041
-460755.066997385
-14638098.5322187
-9231377.57484121
245310.955071239
-9236380.70940604
-532286.878078323
-13441788.3172419
-11730953.2289543
-2540626.57971155
2143196.21176366
-2069327.63656355
-7031034.18048928
-2071903.80431575
-2590659.42801966
-4977109.79124437
-17398436.052223
-15325947.9709251
-13803454.6065763
-10782702.3551275
-3449309.89105011
-14725560.6480238
-6089590.48289363
-13222685.8325589
-14707527.8056584
-7834899.54604192
8227726.95909468
16125096.8520515
8951231.96283135
3771639.10000275
14377560.7756281
7019894.0021442
5081136.86162102
8315118.34618989
7658693.06616111
-893997.11435458
1905430.70908831
7048577.27346396
1118362.50709346
6730871.79918123
6165296.22139904
1532160.10012791
8057144.06233909
11154784.2458689
19381363.1742567
19542090.321793
7132327.92686964
1753235.21928309
41878820.390597
38797969.0177273
7760509.4629885
24190979.6202834
-996095.12588844
1916547.80777389
4714039.42798105
8261025.81777721
3428038.06651856
4911886.604884
8949946.56579718
18181240.455592
14617169.9986965
16524973.500098
29422295.5768533
25952078.7632321
35930268.608476
21324720.7732992
14052678.3631492
22453966.8233731
19050970.6332938
35784415.4789907
33690274.5064144
18253322.1881254
49608961.8088707
15707134.7462806
17018548.870364
7345097.48095253
4020452.81977298
9417566.45475182
9951317.09910512
10113216.4660053
368309.908440706
4708930.68316351
2514305.44529638
-242153.994230547
-463118.645368122
1355148.07673866
6560306.54013945
4952584.43454576
5489427.32452145
5307788.10127277
4475923.04041396
4304037.91057874
5259962.52394946
5082110.71884208
4208962.66919554
3645792.36531725
7163866.0626627
4972489.96127563
5319863.44268829
7466155.73461856
6247085.56235095
5558906.96327574
5139204.35375822
5942316.29765136
5888388.1076736
2644538.15394813
3640821.06483795
8815010.6195156
14669083.3968067
10123245.5977046
13439794.369017
10861762.4705112
557956.06421829
14120401.966056
-16971226.6990321
-17758627.8543701
201756.202148013
-11620491.8345092
22828755.7097312
7190881.09558094
12682884.6001273
29051390.6387235
8077234.53740223
4423193.83210201
1969091.39003845
-2318692.20635329
5024461.74219129
11615620.3675209
8851243.7570725
4210591.09874573
-12519190.8464493
-8759173.38971658
7742466.94683453
5531193.11821576
-12386650.5292271
-14772224.8373234
-1566639.00549439
2714754.23598514
5146490.55150037
-3485996.48810649
-6212246.5687893
-5327238.46843547
3608774.15519532
10921811.3300098
6384814.30354495
2096188.02699378
5203458.43942335
5058497.03963963
3800879.60746179
4970316.35836524
-2123295.43828463
1160629.89522858
3483711.60422562
8828289.01866521
16083555.612623
24693882.6867113
12137840.122946
7961265.80978031
22572890.7104073
3266795.37588628
2938976.42274742
26199547.6453153
21303757.2016911
19263961.3425487
22695244.9592395
14834956.9642466
3791361.58825958
16239549.4398243
-111689.910319341
8368601.54728115
11806158.9683528
19140678.9263677
20123911.7585357
11129813.9812812
28690683.578594
27704557.8510423
24722444.729305
23308259.0696826
10977301.8421679
17498028.6615703
7075689.12591662
3143847.12517158
-2850672.55315462
4342433.71440545
-1590138.78102674
-5960152.82199544
21137490.2428673
15108888.9298393
22008959.3141614
24355653.0969309
7308164.80330193
2492913.34453213
14937994.5568502
20176516.3306231
24077559.3163949
26914579.327198
22923316.4653441
16344119.2171031
20651522.0246079
21983369.9290212
13479165.0253471
10816013.6382818
5592014.68703741
6184846.85425087
1137983.84580363
2720936.72206591
7496745.1836749
15144632.4256439
7917494.66690146
3506638.72628873
1205079.38552782
8839284.8539384
1862458.16752779
-95214.2769101262
3444143.3377002
-1061469.32279937
-6328173.34779113
-3931594.52790902
2598143.74962133
3237710.13320352
4358833.7538756
5385838.06328357
2832273.29339124
4087208.26887233
4445813.51649809
4669815.86254284
4092208.63275416
1721645.61194406
201270.212403219
1805246.86450831
4895928.7473473
5394465.50117082
5251993.61946325
7916524.76568979
27680294.6235899
9619453.35622284
7564809.4618602
26191620.2903816
11240726.7593211
14126897.6795446
1984244.12205471
-2217488.89216623
-6564556.12050153
384714.665585691
-553675.777619917
-559655.785441368
17723249.9708756
-4221476.72119624
1338906.36923011
2866218.5468653
14780765.5250798
5892433.67213083
8617495.37872766
14061799.1236812
-4183734.99119504
3055699.71001437
-1234383.52786543
-4884042.31244149
-8098626.92484086
-6734943.50319332
-9688572.87245853
2546320.58993085
3031610.8333068
-3444296.73297782
1968275.0635872
-4073208.23551144
23856534.4547078
29668128.8547487
16481851.7933128
33255789.8706684
10583805.0751092
-556821.168572279
6091211.97135224
12272238.7649296
7467077.18834191
-445286.942858869
8328932.8657662
12953153.553238
11470238.6456994
12818837.879763
5878881.29463427
-1973086.18414987
5090998.07500393
16855882.3248699
18680488.7779495
18281695.7167464
4316986.31762304
-1509918.56893993
5449846.67808071
7700491.90057976
6254850.65535156
18351379.0493712
7254084.19203538
4574965.98781163
9895483.45813128
11331243.6970781
1909044.83112121
-183590.580780391
21962679.263202
17796465.5249964
16497114.4140567
13888395.6829677
10018223.7377575
-634314.044713007
30496701.9177042
27863072.5430367
8370756.63696375
20223569.2286999
-3067602.9692515
-1614454.60770454
47648.4955637502
5938309.0545265
3702891.53572039
7395206.21965445
-5732888.10382935
20716164.6627735
54097778.0089334
34318240.5937739
44601050.8193349
43571001.1024863
42789450.2822371
52428957.3419996
14112712.8072568
23296295.1338772
-87758.394415997
-4246907.45324194
19614917.8808931
8845949.26407309
-8822201.3482145
-7944125.04905352
-12082275.6346702
-13967992.7389721
10759965.5172007
-3490504.86573072
-14003793.3622257
-14789422.541231
15174243.1315136
19049826.0755439
22450722.9169699
7357049.51976242
3632997.7390106
4902482.12776511
21938416.1687201
24174829.2299851
5535553.08498598
6660387.0747995
8479573.88967814
-905885.611422784
-9120227.6126868
-1297135.79163502
-10960923.6555794
-12360719.297021
-9527359.91233449
-14581648.0233603
9904716.57022266
13632669.5499728
7538064.7504923
7772653.19484944
1180328.14190981
4746021.1120717
5226659.92463733
873236.973087661
-166101.275430321
-344346.10365065
-30257.1429625875
-116906.445094744
-347447.231946705
-274088.767681171
-349772.827027127
-141321.127841066
-99342.2363226663
-42314.6678388176
564433.582121721
-17101.6917946548
-190488.339218419
-144771.440699473
-39830.5008178307
492222.750003332
-117425.582516427
337944.826911211
306219.063215864
-650612.764560758
681952.975976306
872034.101275453
1065687.54509993
1433802.9089745
2907415.29400113
2537342.43055603
9660069.65083592
4996619.38792518
1029454.36345597
1384476.69032665
2884363.84085908
4788337.85256156
3166630.97290606
2137314.02895888
989554.78973921
-1319821.77365249
4277059.06822065
8841500.73019307
2253639.6001884
2961797.66585507
-3031239.28157751
-2293987.86606759
-8798009.34620706
-9715439.20835418
-6621422.75707256
-5306752.2615328
-11088483.5818355
-12451720.9056186
3779037.83357959
182149.353039099
318972.475172536
4639539.71393676
11316.867094717
1938102.03066824
-1523672.25301656
1979247.4430333
-122576.044980784
-5727874.89054691
-5817320.94815568
-4000180.29212701
4019172.75975295
3161411.90655692
4391848.81043749
-3874156.61546089
-6285435.43248926
-865924.301906796
3106802.70489825
-2096726.92661399
6258620.79740677
9136702.49679079
5767083.82314204
8565412.08060677
7975776.08966273
1211010.98843865
449790.913965253
7448023.27403127
-431766.99738461
8765802.53750551
9821257.64517199
-2009988.83080113
2833919.24461088
1140447.21688166
672770.088353389
-329899.356469624
1057199.94706141
971504.287410129
1099782.44740485
1009171.3950891
965146.978377658
1136015.98972863
1218223.93553221
817247.23189314
-11097.5921329265
768061.738220408
867477.320563998
489361.847570735
933911.250901993
990524.719090722
973221.982205339
1474436.40164006
607920.590152705
1323263.37490112
1376340.74719016
436938.401419754
418380.016424348
1380821.6753027
1377859.21154467
633329.418050112
1661111.29769969
775522.795276211
593045.456671556
1231353.00082311
1839586.8885503
8277755.40390247
7529083.19823304
5567490.97850352
3497556.02242487
906922.43189696
1775024.72227886
3149734.96860241
3885569.23998457
2441209.96452326
2798481.65065226
5183791.22112445
7741466.75835361
6866269.98364973
6991480.03383292
5493461.50033088
16090122.454978
4111915.53614368
9627291.73607719
26263871.4836586
-1941749.7251321
3339872.98102991
4754341.01066618
209605.852563657
-2629207.02285676
-1859650.71541432
-3166815.74973134
-5649437.55122031
22513904.9035216
9962263.10419696
13884038.2824266
15799529.6540541
10543922.891529
4216446.15107662
9595125.13688212
12237053.3394175
3917676.35381182
1157073.16355219
-1415228.16504208
3272200.88706559
5362479.66426568
-269465.950022097
2989921.72191502
6070051.47558412
9133120.98010313
10981693.5652742
9550800.05261977
5568162.67209222
3259504.98514571
7632753.60374155
4929774.22367157
2938360.13902065
3030036.17568789
7074503.9238881
7701376.70665114
-623817.06589238
-2691886.83210089
6305281.20623606
-3355891.06434241
-1262655.06144896
1611726.54524572
2496258.04972064
2533117.95674167
2410650.92893592
10724576.0993473
17148879.7652152
15413796.8036471
3891129.51321879
-3960464.75888996
-3914360.94061227
-6678894.92427396
-1884114.54465134
5447317.41964534
-2973141.94465701
-376742.141615945
5331793.51513883
2257140.24651365
8768142.20766167
800967.315850589
-1949788.27895392
2891296.73384722
8009722.48403734
8566731.4492054
2240698.95386424
6078150.21909229
2678985.12946463
2068712.23683263
5381190.22323014
4370008.90693138
-410685.090230663
-3919600.56350132
-1337380.99937535
-574615.865504168
5451445.1300018
922545.878197808
-1972955.0197473
593101.565714851
674546.276936711
984729.866137039
521350.712325743
1018689.94725307
1422575.39057339
1607407.22605988
1354765.97731733
1476275.95224445
1858039.3739428
2080989.5046426
1574409.80226533
11365.3419639627
917621.894619975
295325.853807506
-2203322.28076525
-4410250.59755605
-431089.288069482
-2865534.82313189
-5635203.02865174
2339589.43211617
2026747.94774366
1677572.37918222
1821452.59191205
-3499875.02662305
1562718.55101329
3108530.14715059
3595080.11730112
-11512256.2633501
-8226264.3888833
3519381.27747576
1126607.63222552
-1782036.9567005
-260316.8516398
2892179.52757233
3764026.70251717
-1789829.5232932
-4859000.5207681
-3814188.15215663
761844.660951077
575817.760334358
-935821.666874979
-3860334.39202826
213544.414326445
378859.903430423
1626441.92623084
699321.181488553
521317.673178814
-30424281.6383654
-29136046.6206089
-21915677.462389
-16384176.2366467
-19478647.6981222
-11478950.0294894
-13053207.6809479
-17530821.0214512
-13047112.9823123
-10002775.9941815
-6928120.03522861
-8733330.47596868
-10905689.6009187
-15775358.0033613
-12318770.5325068
-8436170.76972495
-2673764.2495881
3788111.97588581
5126667.73557583
-1538013.28925769
-260471.975954395
-260471.975954395
-260471.975954395
3680275.04317182
7412879.98095408
7412879.98095408
7412879.98095408
10569246.0500454
707653.144573797
7348851.20868672
7952896.3476359
1717988.01347031
59501.1233105157
8472184.83016769
7504061.45904547
-3173022.13744366
12277024.9130904
12277024.9130904
12277024.9130904
13510096.7086611
19901545.7331145
19901545.7331145
19901545.7331145
33165526.1225111
-477225.41400421
6558397.06665162
20942920.145168
10664492.6362725
-9041449.36618387
-9042967.50306901
-7255864.3203675
-11744761.3600483
-5084713.68352966
-4229728.05116633
-2589574.1030979
-6957612.57187475
-10074812.3231236
-3038883.50987168
-1332600.08797195
-7979156.16019207
-5933957.41619816
-7080168.05641397
-8338554.11351126
-8857621.83179303
-10389266.5000347
-6931377.02160544
-3989786.25509854
-913506.016934747
971239.969230926
5303530.41873039
-8478703.52956628
-6701226.15758719
-13333692.5666974
-11842228.654611
-4891718.73551181
-9687373.47735463
-16975252.3669127
-13465380.6899973
-14536466.1196127
-16335262.3628435
12713951.4587375
13997136.0664785
10620533.7310617
1737259.52818977
19573774.2836769
19573774.2836769
19573774.2836769
13866254.0874871
13096101.6216677
13096101.6216677
13096101.6216677
7857042.47494125
-1092612.45589587
12251187.5720863
906594.138057345
-806445.754356227
-334863.703152336
372105.994302174
4388382.9637612
5638566.2020106
1502919.42112186
1502919.42112186
1502919.42112186
-786873.564588185
1560994.21937292
1560994.21937292
1560994.21937292
-2471466.12137635
10689721.2712233
12761180.2974836
339877.347618161
-1618128.25660326
918583.519008711
355675.064598579
3949788.31189785
1812970.01597522
-2794843.2111155
-2795365.08089105
4627526.65291229
6097511.20413727
8086693.94279791
8555635.49505969
634075.244139599
1817276.49452922
7770182.27665267
8840135.518242
3000059.89129039
8831488.60042531
8831488.60042531
8831488.60042531
-10995634.6022889
-8038530.07140718
-8038530.07140718
-8038530.07140718
-11413631.7350623
-11382121.1095831
-5519428.92765214
-5153497.30605426
-9465859.71526631
-7994598.13430094
-5157040.60922468
-5105854.44557348
-6205603.02508743
-7259639.06751191
-7259639.06751191
-7259639.06751191
-9637786.13750713
-10855610.1099465
-10855610.1099465
-10855610.1099465
-3772780.63311961
-6943458.06482489
1020788.06305259
2809072.04227909
-1319971.93045107
-3428508.26174516
-3640224.07018024
-1581269.14689903
-5739603.68685834
-8296501.19056209
-12834229.9519919
-11408199.322604
-16597037.2465587
-14876140.5813369
-8279523.92927717
-9287711.25839465
-16129437.8627045
-14575981.8652531
-23807497.582542
-28579515.2951475
-35063361.3004292
-28819746.7192629
-17287865.0552645
-23637098.7069885
-22403258.2109748
-15691967.3474443
-7508798.0102169
-7711555.67535272
-7959205.00262249
-6935321.05956768
-9686743.64193668
-12529052.8186376
-12175544.6591681
-8164753.96823824
-10716038.5808171
-14107816.5141479
-12142001.4238072
-9417241.77830084
-4371000.85044364
-10051316.9689006
-4434800.76596741
400408.724535586
7200080.38946865
-1658354.27065283
1492708.0803389
1231267.29179282
-2718165.50683731
-2087193.18853092
-167826.551659878
-418390.485793103
-112440.964896854
-2088148.24690558
-4868026.13049722
-2235655.95870576
5687095.85464302
2337268.48627277
3109134.81659108
9208485.08486169
-944296.629853845
2267778.18510528
1908009.13177308
252462.103524841
-1180821.14318322
-1180821.14318322
-1180821.14318322
-911766.408084527
-2928877.04248299
-2928877.04248299
-2928877.04248299
-7653657.49434542
-3111492.28735695
-1949452.88421413
-5609554.9334057
-6601862.68612115
-2605470.80613812
-4115169.90312263
2715415.8578681
5637428.08101961
-10132393.6147731
-10132393.6147731
-10132393.6147731
-8212380.19045556
-2878608.37748867
-2878608.37748867
-2878608.37748867
-2322749.51403357
3825847.28523667
6495380.39917315
726592.769076416
-5091472.9652424
8573620.47152475
5359952.19777725
3890703.48117631
8646342.21075667
3012038.62997803
1135296.36313877
6539720.89521365
3843698.62044994
-1890895.46257165
937118.130087487
-5411258.23792312
-4162860.95088285
4623957.75220184
-911437.037660526
-1058238.60073739
2460221.68685258
-31946999.0555671
-19217483.7935487
-12615828.2650501
-21649475.6981741
-10500076.7682119
-9134655.76256211
-10531576.9394812
-7579523.20781636
-4636500.01088457
-658408.759726036
6290652.5895907
4058087.58511137
-10217330.9822427
-5249234.26052585
4966082.7605622
648667.02547485
-8160905.88827531
-11590050.732347
-8564835.06645863
-7504411.54537602
-19079279.7912131
-3038207.05543915
-9101596.70079735
-3086380.5000849
4169481.56393695
12283255.1677795
21029728.0187892
6548643.48753592
-303391.949619079
2619658.18897165
8933215.28889835
3946891.73336863
6464032.60456238
5600907.93617576
2385709.95004473
2043862.3060795
9165548.80430681
15931294.2975324
7247005.29063981
5137983.7038786
3393720.36596092
4296653.44404458
-99848.3931012475
976654.031076472
-267224.69568565
802266.081209974
473360.145498947
-321398.919834258
7830193.10095049
8458828.49871919
7749826.03816314
8230657.4234872
7221648.98496318
6269419.76498675
4420555.66491867
5904834.44247841
3260276.23843572
308677.993710701
52214.0704745331
106058.304941853
2697533.29655723
2403917.41625003
-4706.40076055005
2434057.83626399
5172874.59185035
-1024150.58213095
-4470513.51311337
702667.201100081
5057556.8346761
4711322.18512689
4299856.93220319
5166506.26397258
2014015.42591521
2554752.58325957
-284243.925104469
-97894.0780317113
-1045232.91790953
-102572.174523166
945525.562329822
-3634223.30471547
4508667.66579679
3606096.38870602
3845811.53206593
5094386.86281308
2454146.1987315
1130273.58099563
307656.314019488
3042893.740987
2092588.16852167
1893182.08609079
3964595.03441631
3789154.60441183
2070896.06471968
1948350.02187317
1899597.33365676
-925356.27727836
952542.648887446
729956.032774449
-358918.378167278
-1999733.13885428
2733439.94955698
3498552.15644531
1842691.27263916
27580.8960206034
-747325.244151105
435010.848652294
-160769.287867654
109406.222770865
205325.987140272
5290.55768702296
486484.461437607
1832952.97037696
3735382.36535395
5847949.46403335
8064949.41857377
8988058.14007749
4738936.61656941
3519682.83318185
-1014836.17005279
4391226.09660923
6775812.14953313
-93286.5630905177
2561016.46874458
4119211.23198125
-807675.560537598
5770707.22918986
3599758.89251715
3971547.4985626
255896.558322249
-1780803.22590205
-2371179.83703696
-1741749.02140927
-6949773.07108041
-12729194.8448328
-6660635.1531676
-3134655.42708883
-7751924.71543523
-8024058.49766156
-3835361.81517172
-2981470.87349835
-1063601.42888028
-5249491.79629701
-221838.549194619
1610614.80601404
-15344058.0712475
-19085739.1526775
-14498726.8713848
-11742833.6738927
-25360651.0203883
-31339270.5690548
-24033810.9450673
-18064302.9772108
-15169689.9869079
-15646851.3756422
-4886500.48189428
-8804397.77183924
-11298459.5985264
-13852533.1205755
-10276843.9835444
-5814585.98699546
-1527105.07037324
-2621840.58800934
4393501.57479428
4488417.25581666
-1659747.31104076
3622006.32712359
5648997.17251834
1527820.90155343
1635428.43134118
7086260.43962548
6441151.64387029
6166357.21367133
3103025.94562553
8138784.83131462
8562173.80098931
-519417.954841453
3112475.61034274
2855763.90403103
1839013.90450796
2297329.94395056
521283.975789542
-2193666.91359064
2093295.99981661
1593555.87112105
971264.636548713
1763713.82422043
269916.710481199
294128.705871615
1708105.25966455
1427090.20302265
178714.402916629
-358634.683738378
5827775.58352558
2447774.26829783
-3289423.36256635
-11423508.3381722
-4034334.38782294
-355056.88057945
1813052.52768457
16067.2864843691
-796947.985752349
806320.830852894
-3683093.35777844
-4898527.13067252
-8584133.84241487
-1795740.0898143
-5778486.89867783
-7108624.62143698
-5040415.46934643
-7748102.16976746
-5102116.5331753
-713722.058520403
-9945334.60896141
-8305148.18446914
-1770738.82164259
-10190877.197515
1534650.33472846
4904201.90185532
8796331.09464892
3308042.54094241
208721.939274229
4125147.96668224
-1961832.28706546
-3162349.41965795
-2406925.18008041
-6969335.71365216
-1121576.95393081
-1415771.30942346
-6787262.90885
-1114009.39458103
-1822606.80171143
-3579819.99401734
39889.2411181326
226585.819093366
1323455.59519951
1913485.27107277
282747.738546225
-576520.47598954
1037994.35009741
1427228.55358414
-739165.679065523
-1102744.59154917
2669382.67019165
1556683.20711554
-1721677.42497371
-442283.781330383
1135109.43385028
1421789.44721372
4271903.72415576
2137967.81815354
1255108.22087661
2416621.8525206
3729084.59779626
4092830.47218684
3678549.37024841
1845974.44536647
-4226243.53115127
-2711223.12159971
-326617.732609879
8561486.88542717
-5508307.20311211
-5791277.92955158
-6844455.1597677
-5309770.44788293
-1624241.21666595
-5265879.85229451
-636234.006050705
-1309634.91995898
8046716.66657621
1485874.21995658
2359128.16936989
7190986.84380993
-5572498.18306323
-7300968.49015828
-8619845.0416285
-9215091.92746012
-7370306.64172652
-6932338.95844707
-8290591.10563668
-9316500.08996609
-6102336.54960742
-4193271.36364811
801924.919414089
819073.093897144
-6363508.39871346
-7887608.89822001
762754.244346975
570219.173625312
4277110.36941746
3891730.94811121
3540185.85969314
4198776.5052437
3800901.12589916
3316719.26981338
2532873.16689718
2744304.93124718
1191276.22345451
659231.476025973
673275.2800363
1409153.51608797
2175555.88427245
1724308.01640271
848667.786014033
1082402.22014778
5433972.23878675
7071593.48421495
11866725.3372318
5641878.28681568
9958757.270756
7421650.42888503
6520034.52851248
10577359.3110867
10113215.6347973
3629574.7158654
1908057.10434255
5853835.4703848
10832236.6018065
14736312.9695049
6860986.0313614
8136645.81179505
-5171919.50010542
-1870315.60426551
1075723.69445719
-4297880.49676196
-1740299.1241422
155296.225766338
6048330.45868419
4285742.84904753
11230854.5727011
13171201.0930724
13212891.5680088
7648007.38315127
905294.062754564
4964823.82867334
3195461.89199991
658206.90393794
608961.105628498
4707364.00729563
8403581.73054392
8084448.40146588
375688.702643075
642067.263420203
-2153057.1786457
6048814.80212995
12087758.7718847
10766630.1468577
10917519.5335463
10104204.0881706
14498542.0643784
12777935.575556
12351468.3476665
14456177.8861992
8965619.83358024
9306582.57454684
2074092.33429947
2317448.48731409
6241126.86081965
3395067.52124524
1881887.67590171
576092.340545089
2401706.42879722
3288281.82746606
1730732.1226345
2807298.54957877
1109413.80840548
1512434.54787171
1967001.75246506
1062641.3119197
3157086.83643854
2475900.35636981
3044364.13122992
3006953.88786498
2953142.11006708
5609778.79205641
739420.220309342
2038630.87234502
135602.684549816
-217682.062807524
-526684.939530166
-899855.421667105
1227973.01850435
539108.417377032
-385706.430814532
487612.177721107
-4773871.69589027
-810241.783079713
-4476246.50322131
-7085334.73256075
2218824.06050674
3030970.78842431
5448166.90670557
1582889.77748156
340732.740727922
5053567.4072792
4200335.30762794
887923.539933477
-5343679.74127764
-3877832.95114345
-3110520.27242251
-7652901.63059039
3476882.60289748
2253017.07277235
5261567.43107421
6410911.59253789
1420983.50916823
2535211.75615458
4330809.89766641
4638885.39366269
13234562.0129101
8862967.71189039
9102187.99886611
19036434.1901478
9070021.29987491
12001618.9914286
13933237.5911407
8016690.08896859
7125364.77505645
11522884.8917795
13561430.4196859
8554702.62799374
13677998.2622072
7175392.77914392
17436071.8903644
21837858.6850561
24807641.7518076
17607266.2671045
18481104.0993228
21852943.5566085
8837301.77741276
16470803.9901353
11601883.0131993
4160242.53352696
-8329496.05817468
-3758403.18263442
-5322431.10302585
-10348475.9130593
1358352.75078808
5230705.15760303
4862629.0615247
317593.940882882
-998162.153699115
3120974.50864244
-257714.41389836
-4095096.42634852
-9858929.18272173
-4817652.8766373
-5468986.17264634
-9617877.6918841
1592294.10948399
31902.3559076451
-1019366.92421127
7044728.59451013
-5797274.46618473
-1444516.13620984
-2456674.96444854
-6513435.03996046
-3913573.87269313
-3910131.6276699
-1200878.85250409
-2218386.6673136
1453296.9450428
-3030111.66755882
-2133121.2042955
-584534.595622169
3474172.35997455
-259546.728480075
4800047.1471252
7609668.94116494
-204798.481518024
406007.927248371
490490.041317899
771904.798987032
2907611.34888564
1890071.08038325
2980480.15250608
3847055.27474098
2907375.34987369
4209518.64596703
2582263.41178928
-698607.035586444
570654.804840067
1411438.21437698
964210.514591982
840015.959065562
3416836.44129566
2990570.27090917
1534205.60826967
1013580.60210032
587634.685456117
-129308.455532902
-1499940.91589901
-2768335.33312741
-1652192.56996826
1123933.11689369
-5202011.65188053
-2909512.8205269
-1198316.11510064
-1768673.01052974
-540512.985483656
-973914.579315437
-1646559.8584803
-143133.347958231
-2043359.03483794
-3083757.87797943
-276870.409335798
-1498702.49511741
-1731298.07996232
-4193588.38907724
-3329410.9723107
-1393959.96488885
-5633387.16562811
-5488259.32181503
-7738224.29310668
-4989435.97476773
-4422908.77820297
-4822641.23094663
-4175823.46666824
-2313592.70536618
-2625072.35658763
-3673534.42558357
-4866299.95517145
-3532480.63890259
-3536336.62952657
-4138271.14589475
-4640591.94981731
-5511365.2906373
-4293812.70282384
-2601384.98271227
-807002.572675996
4791211.89542249
1725711.44330354
-1242868.76504733
17008601.1652663
19978198.7752761
20603461.354731
11641694.1476406
8906760.33831652
21795123.191163
13302324.4651447
6130059.28097919
-1245660.63132353
1663425.20116925
1814101.74529867
-727492.553017899
-454992.717772035
351195.605484732
-1380545.26690698
-1739163.49896835
2098878.43133296
4351098.58268557
3451478.85014942
1465183.5303975
3639124.75191267
1397251.62302285
-1001402.08839297
5461623.62389416
-1876702.64122607
195154.899018804
3885863.79856073
1547322.02639474
-1806013.87422004
-2768453.50616087
-1018551.22521878
-571853.409641005
-2357431.54825813
-2124064.94115624
-1414075.33339612
-1469574.61092838
-3308894.82689547
-2612557.21062079
979259.670289803
-537334.529609281
-1820063.04175536
-2317367.27016245
-85550.4705264764
-208795.964843965
-3001919.74161543
-3716940.19374273
-437827.386765147
2065793.93054321
-1405994.97132874
-1237456.82731342
1507902.52200274
5600643.92486997
6188005.67225719
4873558.00542696
10865550.7288747
2047759.56608341
2076386.78258441
-4751884.36844976
-3739588.48139867
3283485.82903518
-451418.15075091
-1029158.40061274
249938.378777277
-421340.597705613
-831250.156747222
-767973.223772731
-133306.660355876
-120088.778959074
-550884.940858286
2701299.22977586
-1682175.61726672
-1137065.80758662
291622.015441839
-322917.787493442
485689.459775452
1576522.67403613
2484634.82386535
-2294941.62037459
-1923879.98010319
338721.954078179
-3872609.12484216
-1879241.49298754
-2155352.97760218
-3141552.00134573
-604143.594746577
-2642674.71466587
-3728007.52106593
-1592703.70203915
861230.354508845
-622490.126548115
-108696.75450988
932304.021851601
2518012.16618806
-1865446.94359251
-781768.000087518
2426467.3654576
-3184128.78092022
6897908.38019496
1567942.41439996
-2425579.38970215
-1158795.18044015
1250924.72491687
-684383.395342678
-2107175.11113833
2027375.52503594
-1996668.75338908
-169900.474226359
2148639.25348247
2148639.25348247
2148639.25348247
3741817.66827624
-3689673.00126399
-3689673.00126399
-3689673.00126399
-3968024.62803029
1081321.73776253
4308360.48326785
-2907405.9815989
1837981.95526583
6526767.90552611
-7486726.94227848
7453657.34659078
6486798.13199909
-9020306.11754588
-9020306.11754588
-9020306.11754588
-2460225.3349435
-2908546.4004331
-2908546.4004331
-2908546.4004331
-6452764.1367234
-3647940.21649455
1448099.52066876
-2142991.60164863
-3800897.67941247
205503.023880823
-3371273.79902275
-191635.220541429
-2459352.96288637
-4926132.05904285
-1160876.36508988
-5104348.19283413
-1697463.60530539
5461678.7336417
-5246171.21723492
-3906521.13814629
-883478.573496638
-10999986.9225644
-11138326.3504586
-2342562.59636592
-10945052.7861353
-412932.706006859
5044649.07454225
1994972.36158505
2130389.03123722
-345835.668044352
-8770521.65438834
5282066.90661491
4332273.63619673
-8800848.98263306
4975326.41377069
3396485.45449536
3572110.74248224
2743988.01317072
-927719.574689449
-109409.312021359
-3413803.85435141
-5141453.15947401
-9171475.408514
-1120109.08171459
-8059082.28568255
-8066167.44112386
-8066167.44112386
-8066167.44112386
7236875.36355595
3275974.84182766
3275974.84182766
3275974.84182766
9769146.80532408
11552503.1270113
4874234.44891467
1865195.84112121
3308496.35961329
5783343.14895657
589645.818010288
6871682.64866942
5076490.17912889
340667.727488897
340667.727488897
340667.727488897
852044.686933615
2911174.92540075
2911174.92540075
2911174.92540075
-2359533.31479041
-1033427.28115882
-1115437.44100046
-2055967.09666041
-11124140.7082131
-3074836.84755577
-130053.545560397
-950755.598865276
1519188.31969677
2901374.82292139
10132797.0907089
-4053725.56768875
-6257755.05381725
4925306.0581031
-6121698.81066347
-17666721.1019303
-18467611.3550216
-5076304.37653335
-4950805.40881384
-15091243.1388569
-6673154.18965443
-5117553.91283079
1865511.6112069
-7669451.70778191
-9327457.69509086
-7468955.30262952
1133721.35901835
1562519.68154141
-379682.839288719
82146.8722319577
1172119.78295038
4499756.59222277
2220122.49673159
4323.85422133829
848127.837581744
9179587.26815256
9168491.35252129
1391475.48158684
29794.0774447036
310835.869463501
745020.288353101
332652.442267971
-8765697.22025078
-5000343.96234275
-6292314.66452667
7573223.84133915
1493303.25446407
288485.837094232
-4824187.10947334
-9943142.49027671
4388069.14183529
-5404301.90474732
11901882.894773
18991113.2684855
15289812.7906729
11414947.0638444
15805139.2697095
8387116.96908589
-2015727.97353062
-1828603.83393214
2591294.23052202
864972.827811331
-7199464.51774278
-7199464.51774278
-7199464.51774278
-4995662.07464607
-3098442.00416714
-3098442.00416714
-3098442.00416714
1703746.06144996
-3410649.97250756
1051458.11854898
2922609.36951056
6129537.45745852
21861995.9624843
18102637.6160287
30258881.8511416
25338395.0961024
16081339.8947238
16081339.8947238
16081339.8947238
33634847.4322599
35849465.4804511
35849465.4804511
35849465.4804511
17475608.4095769
16679476.7304853
25491401.8134552
8367711.23008518
1293409.1965551
-1678413.44070289
7227975.56031027
-2894077.92431323
-8023752.07800087
17323187.8864174
21890890.6492555
17946937.1569448
7379609.04437199
-2093698.66184696
7944533.97351951
-6082877.03290213
-10838848.7840839
-6248222.36426104
-7270722.02176053
-8191944.88329951
-5037956.81197959
-5037956.81197959
-5037956.81197959
-6550996.27798093
-1136000.35313589
-1136000.35313589
-1136000.35313589
-1925689.39447525
-6807278.45464709
-4778701.40402543
2652693.3028283
1206970.94834461
-5030808.7344503
-2697736.78619624
-6902254.58108641
-8211374.95772149
-7502154.14074891
-7502154.14074891
-7502154.14074891
-285708.660044011
-499066.009837298
-499066.009837298
-499066.009837298
2910623.73407201
717001.953883963
-1009888.66860664
-8940.24749659188
-1217896.52855345
-1372543.93065279
2013027.95177322
-3806970.96353249
-6997906.20296867
-1383299.03033039
-3704116.09372858
-10199636.1602545
-9523971.73837637
-4266032.07556761
1134698.83185485
1377218.11211295
702498.687492935
2807038.27995012
5387795.50015427
1525205.85188834
2260650.91306802
7374314.35496367
-6342904.44770128
-8266401.36364193
-9005160.33520728
-6141584.54980406
-8333237.02939372
-3701667.98567
787512.466768162
-6466438.84936566
-4976661.75785144
-1833636.75837999
-4726574.52159683
-2609731.18216689
-889387.887520175
-5457416.91323345
-4276728.49208156
-2117237.77056373
-3986522.04730125
968728.917274036
-1001573.14189183
-1003018.50718183
1015081.96569215
4939575.0407242
5438051.71306029
158593.071026162
6023034.24963771
5431809.89428277
5476362.97815422
7136326.95251638
15485164.6781168
11515894.165723
15126060.7523331
24534854.6525569
3553675.81662004
12466507.9661864
23320207.9686511
7215778.65253571
324981.042448335
-4755933.0792279
-1049263.90825302
2003180.02810295
-4969004.22970427
-6505065.01657134
-9537688.14029587
-5477590.86758457
-9672519.74383573
-7204422.8751731
-6211022.73915224
-7483499.33689861
3605180.15900788
-4470699.19886699
-6851598.3959336
1953417.05725607
3923836.49550631
-1114505.49470495
1547622.08366969
1170427.74154768
-4782385.98450532
-5686735.47218109
563693.002780673
1368128.94720687
6548897.96876528
11993266.9887774
-9873174.87501237
-10036537.8930072
-1229107.47752813
-2739241.40252988
4370958.6249045
16890223.1287882
539800.118188847
7388884.08628256
8241562.8646305
21431572.1455907
11310010.0674364
9457261.34296421
127769.091562143
1975134.49930783
11491020.2247483
4756435.50271318
20156762.6706465
19447260.1365893
22873833.0181416
17029131.3285135
18009871.6575266
16425233.3383719
1205580.96192537
1985160.4224981
1119353.48504862
3233222.37828597
4964533.38365287
3790879.87129389
3432854.5626647
4701692.79231472
3165519.40891221
-1064476.33960825
18825.2670369577
1510556.44489622
3030368.7060586
4282201.5473333
2462210.35215404
3826102.28498943
3589106.48313167
6086600.09427579
4516155.91323022
130713.86350771
2334598.8682564
511508.002299243
424142.164971559
1768783.27345588
9608925.53081266
4445308.0766834
14346264.6169795
957491.597092568
-5139462.85137191
6425862.06621798
-6066574.92774868
-5805424.05225654
-1010201.22332335
-5428480.38959682
-2934812.33437535
-2003045.24065597
-14556737.8473684
-8558936.08362434
-7584296.80986895
-3603315.42151506
-6378779.0855965
-5980059.14394435
-2712733.53402309
-3890217.79010517
-3594365.73113005
-4455228.2771027
-6010795.87224576
-2844582.17068249
3412627.26798023
40259.3145672577
9015516.87842525
6174841.99296677
2606176.2585
-616844.646189506
1332617.09090398
9091759.06512286
13956676.720435
3471543.36801399
3665581.5865513
9608268.92135935
10892719.1427838
18211241.8196012
8559107.38156468
4302344.36406007
-382082.539205695
1961987.1818003
1846722.76382346
864196.240162457
2016464.94817224
-1014765.76026173
-2873374.73290209
228623.914539675
133264.736981489
-5656340.67965086
-7219578.6445899
-673049.764869813
2807435.59347563
2842740.08132117
3245618.04955564
3231579.02234522
-9556908.24678807
-12984647.0383207
-13716232.7413712
-9547916.31519781
-8529324.16171982
-4878567.01574028
-6244351.92644451
-10985528.174531
-7796374.24124474
-3471333.60912199
-2532986.94566753
-8684959.82989273
-9944186.92726832
-13059399.8083849
-14169577.438578
-10905812.2964048
-9891261.52149185
-9323133.31192443
-11113799.1102191
-2640756.16226024
-3944168.65650024
-1751622.04866503
-12503187.601415
-13583094.7235032
-2675594.46715125
5041003.00679867
6153199.43511933
12017803.7591892
-3977095.93985392
-13137693.6098723
-2521337.58967921
-5036888.90783294
3412357.45978216
2301588.53947137
2639101.47620457
1973818.95737539
375679.189208764
-4879319.7567009
396434.622712034
806231.22390057
4509718.93374601
6927274.31662443
5709085.58331565
12838563.1195021
-1754723.94813286
1498849.19755958
2671763.71878474
-851253.800539745
16981393.8297352
17604659.2023963
8456898.14419507
14998192.2187813
17759780.2863907
17495851.7065957
-1805492.87546931
2619238.91308965
2644895.1891263
1167579.7338414
8964058.17545426
13891573.6315556
7183560.11074392
3435825.23463906
12060776.4137554
1675576.50909044
13748033.7239281
5650639.19554272
4974194.61182332
-944832.633920137
4183558.33076378
-4255029.85617142
16165896.1104238
14825985.646514
3206369.32504941
8979470.25724832
-1002297.00354574
-8337865.93455384
199296.434259023
-331009.115413383
-7277980.14874301
409043.233550017
1763584.32393938
-3385732.89665853
-3297719.41851357
340549.708934527
-7261020.15731067
-7764185.09544634
-8267465.01756044
-5678686.97824312
-5124409.67359209
-5138582.68231735
-4333278.08411184
-7633792.49052294
-1405103.9383439
-5670615.80932908
-8974936.25234303
-6355751.8596062
4300506.19976384
13131764.0549282
5182576.58708751
892650.721076164
13428640.3418284
9292378.12112721
5353750.66018463
7580450.72290006
4747795.09724692
4421208.23143311
1952018.38967475
5871020.94483213
93247.8171424897
2631952.23846478
2577100.02021215
384614.602887491
8646153.08112724
9232114.73423222
6687347.51155091
4842620.82098026
7589561.76287039
7732066.00989607
1007209.32342244
7006145.40050889
4885533.15000695
87981.1013363781
1507298.90488286
4170398.33138429
4082504.08167296
5158174.54474879
5025716.86161547
4049996.24342069
13507259.9819346
11688131.3352396
5162325.56088622
5301223.42388507
5767384.86943792
-7985425.10347495
-1551209.97157646
-41880.3517996557
-1188890.46888226
-5642837.24274449
-6727788.98958192
-321181.799737097
4130950.03080386
955142.534436638
2434581.75938189
9988275.52520838
6866783.27164209
6624994.98957718
769498.001707219
2212705.05613307
768240.66560367
-4857338.3679268
-5567926.89103376
1026056.16357534
-2854479.18604682
-7160595.00193188
-10589474.8761847
-5144506.95939727
1402909.50059484
200011.807491361
345605.686480186
1166715.31812364
3791883.21219459
5885946.77655192
4401049.81333377
-63373.7940985814
5955445.3293296
3363668.16258586
3716720.82991626
6295409.843908
4444334.11381294
3829701.2171412
4160913.43348735
3870660.76322007
1031568.94128953
2729424.6775041
1505893.40688518
289744.004529586
863231.869618316
992902.430966108
1387576.27089213
276670.000974003
1541369.04224932
1249564.85776116
95622.4418027383
1849011.41185735
1872223.70039663
528468.153416562
1380334.91614906
2130315.30339266
386365.253562433
1610573.26900043
1821052.80896913
736933.266566555
1637253.62413744
2576962.68307392
2746291.79344712
329157.347579161
-1838782.51026373
-5361830.53365078
-6441179.15432037
-3492437.51575272
-2928607.156833
-4591875.5710335
-3346568.91596694
-3904945.80538243
-518303.748573739
-622461.044291531
926050.805388081
80184.5667112052
719114.789715819
1747530.04229837
3055151.76534725
1433693.83534822
446002.91648719
-1606820.9014459
-1541282.15312682
9135439.85950577
6675460.37512014
-10454638.722956
-13684987.4821815
-1232741.25448626
4107355.31028908
6576120.89655426
456383.532844089
8507396.40928806
991517.249981396
2240678.21532526
11418444.3171207
17259227.0345159
2643809.57399609
1748088.89024971
2297231.75522187
5025385.42317973
3819181.04765757
3376889.15856261
11573522.4486707
9824102.06735048
8233425.63821471
6016655.60512822
7389669.85344946
8503843.09084317
-72623.2369443038
-1887166.25348825
-62147.9975519071
1773496.39955354
-3048898.81117689
-10377213.5939667
-9066570.56864103
-3428050.22967908
262383.301958467
-3622296.2211315
463880.743334912
1742294.89639827
2205659.35019423
1554963.47377831
2349699.45302039
1746157.69205233
-14674069.584042
-11455975.646085
-13098565.778274
-13809862.9445098
-3879347.49795548
-766303.270296006
-3955587.09954256
-5336039.18815332
-5943261.15531704
-2407545.54815367
926072.719687987
-2366707.96246018
-7742580.91377219
-11661996.7548151
-4239884.8091192
-805456.592731443
562870.932243323
-775098.779206427
-1048304.0643804
348689.561398197
94897.0308701294
79606.2320611654
537262.42129654
697184.627811806
174353.802488298
903891.507985692
-1579644.88003322
508535.600818784
1261939.13311237
-584838.986522716
-416765.296754506
2094773.96957538
181805.112397183
1315284.43605788
190842.379802649
-1001191.60697257
2052158.25461694
1579323.80872073
2824446.97300911
2306329.37017124
2099464.59315199
2316834.42930307
2091656.83599395
1643971.15866875
-375694.819857702
-71408.0033499301
906747.119795492
-281749.010422931
190425.777305837
1427354.87729781
4192829.73854177
4365645.13220461
3584810.29894368
3150599.50104905
1633095.34603641
3816448.07597324
2768563.41255293
1447055.71462094
1180140.94737366
1334891.17919493
5118889.47636646
3028993.58230755
3223781.68360977
2694232.67852289
2062802.44328161
-949026.881243325
-1222449.36501839
1091352.23440132
-5331366.17611577
-8570914.05210516
-5382281.28682311
-3831358.75613181
-2190748.84160886
-3154535.20205192
-1847052.22844977
-2971578.79025936
-1321605.64335567
-2966687.39174095
-4910356.13201263
-3171560.73726992
-5017237.7208552
-5839227.63883982
-7071386.58093324
-6046012.30183264
-3832529.57360234
-1972971.26389375
-1624069.75931508
-5030981.62419833
-4938422.37870585
-1838187.3531742
-1459684.20433453
-5156458.35756386
-7418158.55968978
-6620896.6645113
-7793168.46626472
-10290440.8999588
2748736.41998003
3501668.09797982
4000162.1469346
2158443.39841917
1556233.86216689
1036598.60106414
-1221479.12687821
83453.5092350441
-1481399.94395224
-3816315.25893896
-7114772.30949385
-2135428.77007147
1238782.41797332
2922644.40141834
-193504.681449959
135714.895278383
14964266.3939098
24820534.1608528
8407226.93948262
71832.8509902246
23085645.1513713
16519902.8243422
16685023.3730588
14666189.2160968
5168992.05170433
11761463.8583042
11714227.3277103
3030831.79823806
-1422549.20925398
757407.185294483
-3711185.3625687
-9439349.74394767
13474306.0145684
10434713.0251109
18260797.9419193
17881053.3968655
11476159.2582458
12850540.7604311
13925937.1778453
15554544.1889414
12126078.7601656
12903271.8603486
9097884.16541116
12467714.702625
14072069.5148029
13712845.3600936
17892685.9812157
17489318.5296794
18784919.6966724
19110944.8272942
22808756.4070103
22747995.5650969
13070753.4602606
6282877.20637606
7968974.50473374
14246571.1006741
17527569.5739003
16250370.6365941
20122250.7653734
10966875.0836597
18417744.0120458
14251126.4303063
-472998.034599263
-6718755.22035819
-12188787.0481343
-5642883.03278643
-2637459.944738
-20395777.7259674
2768063.54067494
12841246.7264452
14153985.1634819
7148212.37514077
13016724.5132129
18026539.1460028
2784053.65767963
5102026.9191637
-13832411.4302178
-1537765.05744326
3456989.49082221
-9367862.22084851
3415278.51063586
5384574.32533153
11412576.1898828
10644915.7598205
13558670.2995757
17071215.1594723
8632302.79797125
10784363.9965433
5095488.83434714
-3601317.22600244
-10920144.0721372
-6172227.89065309
20240421.0575008
16416813.2156779
11664716.1406751
25248241.0226128
18306918.0394766
11382810.4771411
4908453.4418569
4854972.81937632
779266.902364418
2410603.65435996
4220237.4881857
9345831.16890703
10234347.7116644
8337842.29986663
15072743.7927033
15992983.9001337
273485.210326507
8561066.67963081
6631963.72765601
-2095740.61782372
-4048258.1460728
6378516.49193382
3168618.82214628
-1542904.17503278
14061903.6057036
19235603.42803
15484521.8869071
9350150.74028994
860494.029014468
7685559.3697935
-2916470.85538101
-5335635.91022438
-1156521.46313312
-412796.248115354
-7132227.72333285
-6493322.58769343
20616303.0981322
2014049.69107706
-6005611.06060658
9436701.29542182
-10032442.0215285
-9749444.36497126
-7460971.3364202
-10345261.3305634
-10763595.8554488
-4502392.52309452
-7108675.75716754
-9943770.66332031
417400.054550927
-10228951.770936
-11978220.2658121
-2802382.21018451
-16358848.5775826
-15898000.5122565
2825084.89898395
-8677173.40300011
-8783723.09680054
-4991181.47292323
4477925.48443227
3836562.24524044
-2369465.65870931
-102541.411320882
892727.150895936
1377512.65752766
-15547165.5473832
-2108725.00888176
6525489.96122794
-3011703.28210261
1489522.64809707
4796599.35525133
4055586.5956958
4858035.2002386
6512634.07054577
7370139.57300255
5619565.67208987
2213593.54375942
6880886.4839898
14344555.7030363
24605786.9134799
15456833.5521054
1368347.22941679
3587123.56797693
7185225.3857891
1729937.20638324
8649184.47077672
17026371.2261663
26206696.3976354
20086463.5051091
25299249.6941709
29286398.7535384
24374982.7073472
28585217.190241
23259463.1296824
14037683.4200822
7075567.97657966
12296054.1062563
26775701.757884
26613286.1517366
20279568.8935802
25897600.7874712
-6846707.38715756
-3039466.5774096
-2258568.06965531
-2257222.98311005
-2093681.76341923
1309837.47767245
11116477.4455347
456285.429345869
14948847.2850407
22994980.4767771
28933918.3853811
28014546.2661592
-4745182.65981158
1889926.78026723
20622172.9559649
8611536.04197202
4579801.90195142
14502158.2636633
20711518.8114379
7214553.81465278
18658140.2818894
15336186.1398009
6820129.63188403
14286514.3347888
9159276.24354959
1312922.40767136
-60590.7819601363
5626269.87860575
11032844.1796961
20530875.5358712
12029907.6566568
17709856.0794393
8107157.79319295
4158533.69183009
824194.143187781
2942017.49442872
-81992.4005175922
2410151.52865113
-7685182.57561608
-2143520.25400953
-1265909.09018827
368686.526649974
15288184.5589639
12587099.2192446
101391.985099024
-1106775.46571857
10161023.0938376
3979295.4954244
11025756.575781
24022609.6656521
29540396.3300992
15916443.2101958
25659320.2504461
22403444.2634344
17874427.1771953
30423340.2123536
29575865.5970523
9418650.9892686
-2574496.32059599
14207519.032011
16018350.2249263
22459366.4673515
12249899.2989057
11596958.7627218
16818191.1446222
3244158.64757661
-1736571.10104879
10438972.8146367
2057776.86898133
2418868.06822131
6263065.90760609
-1230621.05519047
3478050.96266247
4962175.93012768
5716211.12147258
10168102.0813391
7912673.42455435
-5752514.49550652
2707406.56415139
6434795.33877896
