11053503.4425733
12575092.2899024
14492967.3822336
29117153.866928
25592058.6858465
30755067.048115
7679352.28683221
7747418.20696254
15121110.8688687
28175679.6840009
21062681.4023865
25364704.3497733
26795656.3990618
18992018.0445719
16409576.9508819
26062295.3899498
27533355.9420397
22744176.0254727
22114633.6027956
17857068.4899606
15677155.3857876
15426127.2743705
18478062.2045092
18323717.5694134
16048888.6856983
13355425.8022931
8244087.53416422
8933545.47620381
21294248.5307321
16434775.3861892
11498989.5981654
16558395.387208
11533694.6664453
7707281.71477768
8817169.97110304
12720152.8015707
7002790.39159002
6823320.99562152
5606342.44582446
6850499.18178536
3124041.59742359
6282435.87291601
5781872.81554105
6348381.38861611
10725445.6996507
5530552.44110017
5002585.43337104
7291885.31605271
20776787.3687873
23016461.4874638
23476407.763879
16917480.3843848
13748856.6747807
16405389.8083186
15838474.4181091
10722462.8319043
18540479.5940751
9562860.21178384
20485218.7172496
18424048.0485174
11837148.5349561
12264364.8869517
11925999.8796763
7701039.26074318
27456021.3343346
27396641.4431686
25009177.6167021
28032068.7983829
25969266.8256651
30013046.7070101
31789134.904684
31423452.2795713
37160712.3541884
32454299.6956816
21866277.1323487
31010795.4991568
27852060.1989972
35770813.6398931
37231839.4060532
34912655.9240441
29236763.0723993
27687331.5197752
30054274.3411048
29063194.8195593
24137114.7379213
19620723.8234226
31970675.3625716
30702893.82979
31273384.4671215
34336406.2652708
25027372.5217495
33207909.9127205
27168449.5423967
27099025.231887
24545272.1430306
22103130.5650866
12508851.2894679
25500326.6466692
18860370.8348433
9636284.53350151
24693903.4243263
24273335.2401267
18214921.0099511
21409498.5433643
13717667.1342273
11602348.1956839
10890388.8555649
10834626.0652564
9371800.69715319
13793586.6878268
10095907.9793218
8945860.7152879
29370644.0122901
25862097.0306708
18896846.9697685
26763535.5764496
17851612.0971878
11803721.9543376
6775133.66713509
11933181.0959108
12046302.3863486
7754276.94553604
10813158.5090108
16827075.4969595
29821729.017324
18810523.8234173
26339854.2337151
35498563.4863003
27907115.8524456
41433235.6670423
37140169.2253722
44325594.7294566
45081487.3146159
41841847.9783002
18680951.5725826
30373112.7179902
21700746.2060354
22666213.2768468
57557951.9451425
63531468.1191014
46401489.1944059
35973360.1889106
64615578.0157048
47978426.0206165
27498642.1967028
11278679.7708426
10737306.578995
10606676.7569102
10869374.0895169
23776376.91669
30812526.0028705
22711124.4738177
37385481.7022511
32535590.3738122
29688295.0581891
37693950.6466231
26751006.7202778
33993073.580472
50188472.0379857
50412677.8653247
43504866.4459306
41127558.9212942
27960453.4969875
30820423.5075267
33588671.1689241
36839600.3595082
29518744.2123187
32957556.3672143
31683712.4469947
32464947.5142328
33633638.1726478
32217784.4996156
27326022.2357718
30046932.4933088
31548262.9296378
26114292.3761348
37191593.4564328
52183842.6840458
24782778.6052196
21860521.8662833
56398665.3182216
52117144.4678804
35929725.0460432
27674848.9396053
11923408.9932482
21537313.0738112
9652546.04330934
9244654.03041056
6088644.52924457
10509665.1611539
9501159.07557962
3085611.54295617
26861991.0832199
23970113.5982079
29091694.1198709
26519063.0745334
36608019.2781677
51773364.5806156
52916273.9867968
49143309.7246785
24746219.4343814
41438314.0904173
16944169.5430009
7356382.35198506
11942587.5387692
12816370.2815969
4435345.06659214
6218267.66584924
42864850.5069197
37810509.8386748
38610832.6450211
22986263.2235613
41076001.1792416
32410614.3577649
45956773.0831798
45013698.1153243
60234177.3071069
63316066.8244771
30772797.6224575
44717492.1880122
42126854.8459188
24216711.8443421
61198103.3167185
19443956.2259607
22139691.6895651
19969822.3732846
13114911.2406944
12283711.9003074
23409856.0565503
25989631.1994798
16411555.8502798
11631212.7560703
8180258.85432863
5743643.31071541
2138483.04314403
6600972.92656041
14158946.2377741
12434444.6405011
9778777.74491799
11865983.0000562
5741657.09222737
5687206.77999689
6752104.5261043
6416104.14102373
5377958.64623182
18100850.3745295
16866765.3701864
6222646.8084375
6626767.78651981
13590292.1110882
9363053.96775418
7325629.97378493
6539991.78158679
7711689.72150263
7273082.28899583
3416726.4539099
15191885.2594447
20888159.3267267
35278068.4574542
34468808.6723938
36597898.5813456
54832346.290221
51454869.1773638
47368866.8487796
69258535.1991052
53838038.1138486
63913994.151382
83637114.745863
49489649.6785436
60753453.3810795
61899663.1216844
58430712.5991625
53983982.8298254
33978466.866826
16181753.428535
33625460.7837817
23741450.7876613
22878764.7018295
11092786.6226253
8675852.66768369
27321642.1272282
24491468.5202316
26408686.1468453
28181910.2670743
38576019.935241
30214438.6131112
33901806.0097516
40812317.2978101
32368422.5154803
18983855.8482008
18170831.0575076
21317789.1399723
24040417.6621432
25024067.3797724
23332521.3957534
24676661.4861085
10815409.7425125
8975795.93136534
6126778.62273997
7902269.3576494
17175665.2456375
18935942.3261403
11579495.562155
17823376.7262606
61277020.2620875
83555657.6536049
33727147.0870584
32942721.6888184
67955045.53421
46938093.9562946
24123128.7462174
37622480.4711084
34956814.0228655
38479111.0900015
35200613.6120149
38466874.8248364
13597392.0634941
20217288.8793903
26773231.6998932
22128585.2384618
40011457.4327925
37118729.0646748
31460531.2707071
38739203.5210066
37780826.6259296
33932906.9247741
30647476.5709729
30451708.8769752
25903802.4379217
24820100.896473
27783669.1568471
36576601.4795815
40950555.628252
33554186.8028939
42673554.288526
43615263.0302631
27165440.0865727
19972576.2200453
27059227.9390923
29836245.3379078
24656013.0607807
17971425.177831
31827026.6060369
30049766.2202015
29547823.659904
37251272.2646824
35193154.0794751
23552471.2807644
26003635.4613197
26933017.5284169
19194393.6069734
19315358.940177
26451990.0257215
17030622.9636862
25984697.4450306
41568237.3420683
15671753.9077348
28327189.1476786
16893102.3987753
16256398.7977942
24353414.8986422
20435461.8454913
15665784.6085782
29483751.2715741
55847880.3850374
39637296.8384028
50501306.2271305
58443835.9012248
43565278.7797395
48345069.5863517
50147790.1034477
43846392.7778396
46543610.0884013
41423552.2386568
53416870.8492132
54870786.1209882
55236026.3824682
59004750.3022169
56553445.4604604
48678868.2498847
37899248.9205978
47918642.0676584
42865191.9450957
37042626.8884587
37237889.9334949
14174970.0612379
19219299.857063
35283625.3000974
14155219.691085
24954554.9789046
12302331.5346371
5993937.27988675
21952418.2184194
20465097.2036992
14650973.4962887
11579791.6445667
43414037.278896
24120642.0193321
19294719.5217536
29606222.4700974
24109981.9655855
13381372.7324484
27198417.8386467
23807504.7654003
16065723.9390507
27635731.1532387
36701385.4961067
28204830.706798
51047818.7688717
50174785.2157281
36852548.5161577
22094299.4346289
20765089.2166265
34059733.8392974
31759752.6501954
23300778.5016433
40832505.6423697
41847006.9535263
29191883.5474473
46041209.5414547
26735057.9436044
34131731.6921268
34265488.8832697
29697427.3949797
23509987.8749854
30470718.245392
33847841.5248099
29175265.8468278
19794383.1616561
26421327.2312026
22006352.1597563
15661640.989856
19980394.9813252
21621112.6691397
23655298.2468282
24883489.7717692
10488444.7695816
6643687.80970452
8083090.30776332
16469963.0416359
12804192.625322
24162380.2101178
18328944.7003664
10762046.2300103
12739781.0408655
14463551.8958074
6848854.39933404
6070957.72945328
29271826.4455036
31140665.2161591
28758161.396482
18218693.1440732
32324715.5531749
35554695.7379435
48142237.7711999
36846118.375042
11303463.4103573
36093600.9358297
18614179.7616634
9777984.06098152
21151013.3871785
15614091.7819221
19621051.3767767
30679471.9807627
43993263.5833723
44610345.9493214
69307166.7713325
58739612.2619795
67865471.1563786
60037128.2142233
53138432.7940963
64302279.0361692
32747115.4163084
40263340.5410205
33624848.5688923
28395197.4895759
28072349.6353713
14788706.4552066
32229932.1912735
26767576.5116747
22813048.9411904
22909734.4407372
15598482.7088038
10741381.4482207
32479148.0219334
24017835.7188817
39699438.3116092
30480001.1772232
28530270.7735621
10924679.4875896
5201836.62915935
6301268.0301689
29913243.9826144
36674074.4411773
8150487.5817667
9210834.88957245
23758841.1160734
9913779.53602573
23526579.3787472
18732052.6583817
18642513.0778073
27573388.0256355
16705336.891568
25652195.9781619
23975107.2547326
30756055.6145331
14057154.4085756
11701059.923826
14025088.5314141
14268271.1770068
7576472.2829344
5140041.15736175
5478281.17398813
4889677.09422035
5388113.3853619
5747553.7605536
3730362.29706048
3879396.69493333
4566974.89800385
3782388.51053775
4503082.32329035
5843544.4524135
6434356.40284385
5121721.02502129
6656015.86036526
6081755.72448128
6546096.03077522
8418004.17743793
3931769.25541964
4644817.99281853
5009395.76821303
4471926.44735778
5708925.88838984
6550383.49135534
5624039.3954711
5769791.4203279
14255091.0075857
10693305.9880971
36445819.9551502
44431565.8830481
7296880.34534432
14476982.6158561
39877068.0810254
20470075.5491584
30533348.9073023
41055486.2319975
30365663.9241898
30209286.1893611
41036242.3512447
45053172.6364315
32337116.9330923
31678496.6828783
25286499.7780006
25850704.953902
27219770.6141928
27161722.4062561
23719453.3308291
24892224.8141145
23639508.8322892
17953426.7286308
13068292.8237674
8221333.09920111
12669137.033647
20777350.1247929
7484674.60657623
14146433.409854
21956510.391953
12447733.3757442
17181019.167681
19750295.1363543
17354471.6926944
18140479.2992784
22034894.7780414
18455184.0050375
16160265.7315272
21380975.1757653
28410114.392166
24247275.0213694
29685133.998822
26295274.8996976
36822104.4132984
44508699.3384539
31156958.9375624
44301456.6164004
46762233.0284893
18162214.3309171
11615118.9282213
38088468.7734312
25262490.1386143
42495451.480622
56506758.7082931
33291919.8199306
19908139.1323199
8060870.89403865
6120345.71849953
11989853.3047156
5612301.96628386
7007570.69791316
7223593.92030757
5204824.46935207
4719355.34776492
7303882.56934047
7337818.95479858
4397127.33458956
7578839.10866642
5189123.24489448
4262188.06048699
4973150.01638729
4238727.79010607
3685528.37955476
3679565.13130854
4350403.423412
4326074.24151303
7221194.45572955
6766770.85711632
4674023.96708138
5345993.38518556
5969390.63217051
4992878.41141818
5870862.28778892
4426268.69370488
4261317.28063738
4704864.91953963
4442446.85796099
49491999.1108058
60416952.2485871
55618492.5834055
68449405.8017258
23739343.7869931
7743352.52032557
7232093.44120307
17203086.212584
14137160.6608938
7017784.26450424
6279442.1772925
14288956.4703562
77833941.5092894
40720720.6866035
38565719.4082539
84558041.061297
26572650.6827763
47305452.689625
52376153.3557177
50351046.8109015
49118503.1486889
44548300.7783503
50770790.9064654
54931677.4419838
44938100.2937376
38480853.6357942
24142751.0492429
32125034.4350196
51512630.9470151
40879208.9646423
37830888.4150111
39046385.0239146
29801923.9851768
14109930.9608244
27921088.2071268
40328750.6286346
10119865.7142495
6606076.6649091
8080868.75493393
15755717.1712916
17903108.7389988
11722277.6980615
14802962.0892415
17127675.6977965
27529710.0391914
25082781.0263701
18627039.3447148
16505992.9633508
8752591.87532047
14725738.5747899
14847137.1206098
8163159.40335343
17726927.7718204
20731044.0039613
25518566.0779728
21231019.6951455
24432466.286413
25178749.3414314
27487124.5598152
32342580.6078966
7629444.96580295
14647997.4487216
20095781.5586027
10599286.7257241
18170151.901388
26210597.7062539
20059009.5387282
7559529.03272225
19631827.2392801
16939607.5102084
16740042.418984
4037568.25721688
7231676.70965472
14298756.4013934
10171509.3173097
8374836.09881461
6868649.6590198
10891745.9188822
4324215.73436948
7281500.76090142
78559784.9186058
46942684.1049272
55387131.6116349
68977371.0732334
14663283.0815443
5190916.47427457
5284105.17088429
18453670.6808687
20050536.834658
8603595.45932557
12807648.2396869
19013877.4379251
53913284.9413382
48275693.3937455
36083278.0097105
41102771.68587
4370035.21472061
5476074.03834913
5812378.31309126
5485650.17340652
5853906.85347842
4517812.83572471
4353753.03086384
5520317.00872452
5428946.93214611
4546288.07278868
5395619.0353987
5137040.06117345
7701086.49742841
5468800.21532342
5599224.04437128
9081419.29039618
14051745.0610546
8228849.09531949
13479024.0093671
20138026.3152925
4477232.72510328
6970665.76712964
8710898.01573299
5165435.72343393
14774253.4212944
9221313.91647135
15947295.8541268
20503861.8177612
27075323.3420314
24867573.050572
36420432.927617
28108421.3794779
28505384.3125216
24141899.1743169
14080681.5697515
14686298.4493227
15613317.9138876
15140938.2881183
16457537.063456
12419195.2122393
12900060.9855654
19586647.6514506
12947365.393857
10376726.2596259
12055677.9783862
10842216.1925251
9895058.68204977
10622641.5058556
54000300.8756655
46471292.5049648
38854106.9309815
46663427.7167858
44925370.3935141
48814860.5601287
41851635.8089154
36845765.1866578
39128609.3515155
44926628.302131
48366306.1964269
46690088.8276694
42032978.0400028
39642612.2315446
44841475.9234624
42420196.4549242
59383431.4712979
77022210.3888057
72334575.2868816
54908507.0698374
87786693.76116
0
0
83700290.6213693
76951660.783199
0
0
66510156.5457767
53724725.539982
66798208.1165404
59082694.7615896
50901403.6908946
41087586.8825483
44650370.9011919
22758790.4834045
26337244.5456729
51271787.5378227
0
0
26800626.0759784
33760589.657516
0
0
51789866.4360314
12371495.70583
12417308.6869911
34764687.5936055
24835420.8913735
44408148.179319
51753623.3458362
54495227.387744
51703197.6587888
51067484.6318429
45722120.9670522
35977743.6528935
47011042.6673427
35700365.6774845
24461080.809647
27208320.7350673
39430578.6248877
57913431.2679444
50780936.7093002
47083448.2872668
58268213.829203
35113760.6297129
53536923.1364184
52561735.0218446
37334928.4289605
55696214.678962
48013801.6155411
67538051.8450291
62768642.2475535
72520556.206736
61791123.4715569
51427228.3206964
74422292.6000211
47166580.76435
60209491.1484322
63289848.0995352
55606214.7207891
42669339.6395058
53145180.2126566
62409081.4190248
66004730.8509655
55126348.8232027
0
0
34674264.8241868
23632392.6640678
0
0
25558883.800182
34762982.372907
28040251.1737527
10864446.0319177
20744618.8121088
24754235.7528532
16264956.3523376
20692685.9285863
35923400.9652266
21808215.5490213
0
0
23310272.0497335
31149468.4012026
0
0
45595380.5034134
47049300.7043144
38611105.7133692
46931753.7582967
47758226.6051019
49318139.0598996
51185745.7195583
44326638.3657118
44184933.6736819
62123582.9097527
53676552.5523346
51951292.8496136
51562621.4475519
44636313.2250207
49415579.5887204
43793056.9090092
38995782.3326543
41305134.8715462
42438849.7793433
37190095.7266479
38198077.4130263
0
0
84101595.1443885
63762990.936921
0
0
110479598.261117
99620516.338743
80680459.7031185
92892716.1805284
69992869.5276032
59660826.5180423
55499668.9117876
67974038.2187245
51776310.9161728
45166222.2651539
0
0
112034545.987681
114732896.468053
0
0
94739715.9589005
103608869.198771
94078070.1855709
84391482.0786241
69050958.3365876
78621999.4549959
100668369.05545
101027589.031574
83174893.8668698
79647776.9008827
60913680.6041094
67420139.2339501
52032746.1654107
44370944.980178
67300531.716778
60646150.7156198
56508686.0610779
56703063.4014618
50662748.0160905
54529024.6125959
57279156.0916148
51419850.3829722
39173357.8050568
46601046.3148843
44053613.7017932
35727145.1870719
40209019.5709447
44177359.0611332
37494715.6022345
35088395.475663
47124294.3886135
52687211.2741611
39083153.1423557
37742241.6584177
33472770.2779454
34905350.3723891
31410859.6356826
30120844.5621595
32953371.5847758
34158656.6928258
31705110.9767581
31601485.4556929
36985020.7237779
35508138.1073613
33754291.3697121
33643576.4840605
38917049.4565781
43856999.273719
41515604.2069485
35259241.3667282
35798739.4581224
42085270.449032
46647234.2940602
40447285.3127548
34266303.4626098
34949914.8780629
39783313.2607214
39353948.1026252
49284712.0568614
57009538.5490997
63727835.9091435
49884486.243163
63695889.9185762
0
0
78678114.1567977
88226836.9651202
0
0
89281177.960355
52349524.8432872
67690851.100862
69072820.337288
54880979.4606558
51041633.6417916
63467314.1958566
51041971.5152525
44498974.5096082
76817705.6189951
0
0
54491284.0290708
40581785.6419828
0
0
44914881.7896934
38232054.7434377
42757783.5031858
45155186.5784057
39619590.7925512
43440642.497722
42645967.2713747
37027495.8697939
38846622.3050219
43549294.1930166
46203883.797841
42568017.5582467
40019522.9260462
33211718.9237737
36074367.9524334
35855842.728542
32712708.409341
32765805.1995767
31519190.0663623
32424172.9384754
30441520.2207804
50828103.1492573
42265215.9673783
33854690.7767828
36178362.5006953
38312273.8540496
32950960.7487582
26339368.4922451
29281408.6427065
26279068.8478543
25793858.1007393
30848168.3358488
31106841.8210726
30242425.7295641
29006281.7205733
30906795.9312117
27957105.9845606
35329434.9369669
37676118.2348494
23025511.0073577
23290184.3035393
46532543.4008766
45900617.5756625
31824179.5230037
22263148.6707021
24706548.5563553
28666915.8159414
33769645.9536537
22282995.5667572
21900259.7811232
21849171.2790028
23797488.6731507
25886014.3605074
15388452.7485458
12264822.2503356
6981342.67807782
9464360.03541327
13476703.7142554
22926794.1232129
8880762.96731104
6660026.52667383
4508268.1156821
5496301.90268577
3827315.80045631
3481802.16385851
4570766.59838176
2731548.40046869
2519070.02659469
2578671.22587116
29432119.5202255
34977899.3351148
24020714.0732454
24103430.1735368
33545293.392385
25060217.2788498
13887536.0069836
16665472.7256372
8114884.55720946
5628792.26586047
6027970.7226904
10038382.3018147
8340784.32146194
6706520.307565
11365012.467636
5132872.1794164
30344151.7416074
35026569.6225311
28401106.3831991
25924494.7896497
30254182.7633447
33308659.1141151
33166903.722537
31152047.0485315
28218497.3182951
30677232.720865
30104510.0281192
28835491.6706576
23676530.0822726
25371160.2265899
25756507.6172014
22233109.7955584
34592533.9970843
33704376.6691274
30587302.7136217
33492177.3215113
31347122.9937392
30427409.5209134
27976997.8037011
28208414.3878311
26833165.7544283
25727598.1044652
22871705.4816419
22956459.7254382
29929832.3761386
27716490.2469376
23233501.1133241
27096919.8776363
24613062.2857031
15815150.5444965
11464930.2915366
15520404.3766279
14563622.7063802
14592893.1502889
5134289.40153601
7519143.06565794
3750804.17734894
1883283.87865433
1748976.98556667
2517411.20082604
4863760.79885613
2908963.23226229
2221966.29829757
3068238.96202886
21099731.8881091
26434666.1854002
23949489.4941563
19947965.5769814
29578329.203009
29414169.8049966
21393913.3805636
24302958.7461051
18348358.7437429
7119878.99288108
3780882.95341417
7021620.10838242
10904680.9345071
17650803.4915996
8400413.90596404
7173164.88007481
30693135.1470952
29591897.6568367
27280907.6687671
27552477.3453724
29755433.1220284
34897330.9700007
34291479.286529
30977255.6880966
27878242.9676704
32276075.8499335
35917608.4076137
28424581.6862203
23901582.7385831
24644385.988795
24816462.091584
23679927.8510077
39414607.3407304
46990406.4775622
44711245.0529789
39290210.925625
53598087.2272505
57722549.2511758
44470025.7409887
49452580.8374601
37596145.4450771
31889388.1120157
25197536.263121
29911017.7240543
39224983.6498134
41320507.0042764
33908650.9972496
37454949.301145
27690206.5963433
28601451.5639668
22742334.1891802
21580396.304071
26400677.90411
24661365.6997979
20252975.1408791
20377957.7602999
8142142.50693116
10391159.5114852
9222743.93103238
8854019.29842626
11675230.5570307
12103851.674443
11780664.4020312
6254717.22972888
14005538.1201667
16060763.5520634
4543613.26244289
4224726.94931686
19092450.4064102
25076838.762639
13279431.2134963
7179245.17040977
2352112.75885905
3975071.79740061
2437847.8184232
1559856.23419479
2695903.01983681
2876802.47763076
2161703.80832014
1649181.35613509
30709186.6768121
18778954.0662732
22343257.8609055
27031100.7671565
20134371.3287844
21808251.4738072
25910460.0084959
22155255.1478498
21254317.125499
25581309.7477713
22964122.6320231
18348814.7419239
25086600.8810651
22973133.5904482
17562882.0331045
26018614.8371924
23949851.2199448
29569295.0288338
30920202.5029634
26911933.3631277
36191981.6642225
34981758.1033777
29886983.0812309
37675061.5447448
35463518.2429618
21824691.229583
21667162.6055746
29346940.817485
26338641.4339744
32038164.743125
28731765.0103074
26917777.7325391
13583001.2629609
20515696.816246
5517153.68192593
4576609.35151085
24397168.9843636
16466261.8095081
7754753.34675189
10105927.6340456
6966132.75256758
16203454.822915
11778180.6850466
5664046.785798
2626267.37613925
3844248.91864312
4803207.3989454
2673534.23315725
12839193.5962857
12008993.949705
4729378.50133436
5030577.77919801
8765323.04547367
9105472.92689473
3635721.87278269
3773072.07646299
6910177.29993844
3184221.34677928
1931689.10470667
7560278.89865527
4628499.37366533
6893937.7644558
10686320.1277592
7666990.50186805
28315850.6054487
28290371.7440496
22409969.9722678
22639979.7268117
26059250.0963264
28704884.2079798
23916772.4824633
25004305.467806
13791813.3737804
13886925.7369788
5388250.13434199
4758541.90673903
15158734.7214747
14267281.8188132
7724154.45960271
11550036.0560286
36317563.3440992
50494456.4954139
35735116.6997215
27096851.4468923
64406393.5789073
73538147.2493688
57286503.2579252
46101127.7926661
15979604.6408192
23678177.1853948
3436395.28357405
3549688.56187802
12778948.3447324
13381045.9540573
4070305.43560989
4495310.88518989
6536101.34907361
5974630.10771756
5122081.29599892
5972736.82134388
5609762.67226017
5025537.32943389
3874231.81500391
4035065.2673355
3409401.65206041
1723938.96466161
3496271.46073319
3919419.6255009
3488721.21360256
2970037.45216536
4094742.04669596
4128642.37363379
9763341.81576709
9291873.69945347
14584093.9906747
8690498.25412628
14012527.6230483
11019190.4483316
9263004.23051303
13742903.2048037
14414196.8524082
5155301.1910916
6015917.38266249
11812937.196515
17018556.8686121
22371862.5721581
11911593.167102
21691032.2280905
72422854.1071405
64869622.4035745
63800936.9837855
65122094.0156738
53973808.1254414
45208999.5808017
48296956.4377852
56703431.465148
57863713.1053512
52207927.3167
44403740.3147953
30723679.8714619
37860312.3363859
50746932.6472627
14253074.1848296
6173132.56873487
33896622.5077752
17097829.2910606
29636056.0514722
42107712.9341286
12104879.3106928
13714715.9415942
11642738.2457628
13510031.974092
24694138.3601207
26920016.7235656
26367543.6135028
26849161.870157
44307395.4729078
36051240.599828
36355766.7764787
43992286.1825303
28311508.2497972
26794824.3638365
7927957.44453932
9672161.95524654
16043866.3536227
7140161.87865129
2848503.19641409
3267734.1426986
3981807.71992059
5525625.35681737
4579196.68862734
5180168.19603493
3178747.87501846
3870274.57048316
3291033.07625582
2193148.19582104
4548127.57399779
4787413.6455394
4532239.23826535
4578538.54811647
9143167.2240885
18610203.6035424
7303581.40104482
5835144.92803024
3082152.310941
3401489.62952574
2335240.61262495
2992820.99072582
1722421.19462786
2160529.28137993
1934828.111049
1879568.28561621
11120242.3168222
9466225.87686993
17335748.3647835
11507373.4891216
20068535.1182692
33138419.5518526
41050061.9653551
28201201.6189008
35880980.6286749
44184492.329913
45091315.9228093
38478640.9417106
17179064.0569598
26027962.8204982
31065972.2494545
24249180.1691317
48590014.2626039
30952298.9329126
40419463.3932043
54584624.4960075
8736668.87189116
8439409.46814252
8856150.58851455
14686388.1608231
33162277.3534323
19166017.5881882
40856299.2966776
60951341.2290063
56301061.8768326
56425186.3912569
63307167.1394551
53826388.8935335
50176118.8740157
58751755.9834615
50791751.4963575
44509896.1440262
65986503.7830535
55999754.8323315
68009899.7166635
61929378.4948464
63538498.0176434
68680840.1959033
70105626.901135
61239054.201553
39148701.698284
45983578.4933051
43305954.3175281
37186612.8169934
28277104.1731908
32782021.8098405
31434019.5129529
30335075.1236218
36849495.2193987
44023005.1073275
38834512.5524835
34792930.9021626
32672824.5346943
34108929.0921419
33948246.787839
33440203.2775853
30897562.552336
31112318.2859018
33113257.7394387
31778637.8401087
14729245.3483102
24678711.0432192
26487786.0147509
23112652.6595756
33291924.7643098
29094007.8998114
30444718.949451
31799088.2069405
27545580.0150222
26582046.0811136
21781286.9452172
24515017.4301936
28283220.2475581
29147860.2568599
27635799.4646002
31300079.209438
20573469.1356462
12046141.5762093
20935683.1310455
28973684.614963
8745099.40533037
6508181.16046561
10879298.1478183
14473831.668313
30962774.7200583
29416988.7099771
39574892.3963035
29609465.8911421
27084460.0069698
30591679.9186921
22988779.257111
20502120.5814762
16694173.2073048
15032199.6534972
13238940.1017028
16081698.6668111
17444855.7794314
24805182.5953241
13224517.152004
10228093.6390134
9560424.01644522
9958229.5625977
9958395.78458687
8528352.76940282
15253857.5578705
14486056.3239945
15634317.4115752
13349262.8712551
30163039.7644565
24934824.5907198
25722626.7310045
32634745.9818965
23425508.852915
20155940.7528608
17041196.5900889
20096643.3028401
19280293.5256238
14832781.1966836
15548744.8142329
22045008.0875133
32413880.7327659
27255445.3189017
27485264.7072141
27319007.3558744
25726908.2277782
30275761.0344683
21502784.7176323
16232468.3249287
32220820.9802239
34077694.0933286
29661861.4112294
25435941.8738705
21106882.7046492
25302184.0742324
25177975.6886934
20702232.036853
13523698.5496891
16570346.5845113
16217909.3821931
13717341.0477535
35453111.3244308
40330803.3460499
35735422.844083
32051066.0018394
55606233.7803331
70895787.291207
67917373.4721989
47776423.0385166
36659211.2428053
53450632.170236
23653511.7796653
27823851.8066038
30374827.6794039
32175591.5901471
32364460.9908819
29973390.3211313
29785349.9872981
30941607.9012757
30240064.2562223
29573042.469295
25380548.3862831
13394119.4926483
32331403.6712186
31271228.5613492
36514127.3147713
39873587.0794763
43859409.2152967
39348812.4844933
28772280.9873011
31281009.959144
29706633.4641849
26822790.9623819
16160912.6202187
19491014.5291528
24733968.292222
22555949.2087917
22919107.7256684
26892880.7360885
28520447.4794349
26573242.483484
26543421.5915509
28423045.8736165
23844498.7403461
23291229.2297763
24736773.3316835
26412931.8437561
23015848.3639237
23280836.3860847
43831960.2362441
40493197.6313289
37023354.4704054
37135488.8986665
30761329.180527
16354071.9663977
20366603.9047038
33839792.4425018
34889244.38937
23752610.9111338
32661647.4160011
37130284.897974
29353394.6692799
34194164.543376
31958586.1960567
25649941.1714557
10866149.3865819
12407175.2915931
11973671.7850122
12047446.8246779
12037811.0741655
9603627.96179719
11672920.679629
10563927.1960112
12279935.6030157
20486155.6660419
33073211.4631499
26232848.4577344
13520760.4960651
13300434.7740224
18559939.1524461
19205315.1454412
39955126.7758178
41056048.5001041
40932569.0100251
45981005.657334
43792707.7422428
39297961.4791002
38588667.2365426
39539402.9771617
26931901.2093757
33507187.5443409
21785028.0931534
14753691.1792636
34378764.2006138
23416875.7843665
13723300.9913681
23642785.2746436
22971503.5953286
29549730.7622964
30071274.2325314
23509217.1961576
39626612.3581659
42761107.9030844
48938953.5197496
41351593.8880407
41887884.0789736
44941585.3139855
36402628.0552774
40181226.9997685
23796993.0354867
31118838.1241574
33596048.402968
24201985.6563853
0
0
23964746.1829158
34843267.3190939
0
0
20220323.1330551
15700902.783039
12951956.9647639
11489810.4028774
7035502.73858095
9119768.30634612
39766721.5619703
24688998.3505106
23496716.2038965
54608196.3057932
0
0
44923534.2308213
33801980.9222968
0
0
72717368.1079454
57085954.3955575
54876098.5442965
64740405.0584435
55718746.5775134
48089738.389963
24738742.5524809
40750422.7709791
31795095.4552751
14432352.9331022
14551727.0562096
22190696.6219356
17547163.9083447
14742702.7871931
38217907.3991611
47501755.8787716
42642086.3735175
27983295.3461673
21926897.793229
34984724.6408859
22847822.4700752
15318386.2203202
16085693.7156178
20485488.0139345
19088768.3997851
17662674.4531708
56062115.5925388
29164604.3357904
34543741.9115335
50174641.2412563
10146561.4313777
9495282.73591123
11401977.4012133
16228483.9585997
21060461.5489028
13004659.8803953
20150835.842667
24368700.4122964
39960839.3055382
33672033.3266059
28458243.3793418
27777481.8930983
0
0
13309742.1315348
15157539.88756
0
0
25479031.34958
25914144.422924
24625038.1749399
31037219.4602059
20932531.4760755
16284667.6232614
18826248.8347757
16802003.6896504
13207796.2784998
11444784.8330149
0
0
30918567.2393587
19447692.0664263
0
0
38831795.8134057
42197423.0700855
31245281.5756534
43535757.8358857
72964922.4621919
52115597.6983821
25027380.1994662
22538063.0292564
34069734.2737759
32899324.0291552
30401350.5904728
38653578.7713711
33291825.8960806
22421957.4261537
60192003.8750482
72582462.594447
56392632.6780781
46341389.711602
36745403.2682685
40864906.5632073
27339602.0363818
31158225.0828859
23075476.6966479
35665577.5426924
35559242.2882534
27652470.6019053
9867480.04961068
7479155.54602574
8001537.83472049
6341083.25007981
9767138.50514575
19908633.5399556
9523045.59990083
8780897.04315586
7292028.20034978
15739048.3549639
22862562.7188326
4094594.80345487
5904172.83645084
9737270.62723333
8727548.3126416
7351623.16458034
37814828.3967217
36628534.5877145
37607921.3376434
38236515.7343438
45013760.5294575
49876348.3410586
43673427.5798955
33734292.5382249
38054075.3131261
38279758.3770104
45607321.1448416
39504100.3189597
33254118.8202006
37698104.9494771
32096585.2601205
22694672.4877897
58184552.4075636
71447777.1258933
73660754.694175
57408731.5445073
85136059.3161621
0
0
88770729.1879701
84269476.0835999
0
0
72020095.7543563
48004810.9840877
65087988.2812922
54858958.2888565
46061607.4338954
54048432.114051
60118612.3665587
62909079.5899052
48652359.107625
64717193.6335815
0
0
71421121.5329262
63658701.6971493
0
0
35055898.7896192
39877949.9759885
47719002.7132403
29871351.3667213
38342865.4978517
19054292.365349
23162072.6045612
25942410.3441572
23440987.0873758
34037641.3517818
45443077.5733063
39371454.1980442
30032780.6338516
36226980.6845115
40164500.777196
44962773.4009577
41145804.2059982
27903870.9248631
32400134.1362949
33327353.6608943
29228877.2588689
0
0
46966075.5472654
24650848.2623245
0
0
47690504.7693238
52657801.3990008
39334755.0301689
38822341.3033592
30347543.5713351
27221058.8752331
35409845.8797054
38032755.3574969
28390991.4857721
35846358.9598978
0
0
36711140.8207277
40311388.8949856
0
0
24746821.0601939
30038616.6221569
26121896.6851711
26091421.2042191
20011286.5026438
27107828.4595209
34086423.785893
29915341.0551483
31499279.4225539
33323595.1213397
32276122.9204117
33935516.2646458
35927000.4852825
32966342.1737304
25536599.0787976
15106248.0359622
6315015.80460191
22092026.9667855
24913205.583189
5313601.88262072
7144233.0749232
27448668.4094935
31382695.4689507
34274223.9917281
36578063.9630426
30930859.3407108
33648976.2534489
22687120.4389178
18614657.390288
31081622.6350771
20812756.1934753
25636554.909172
23376657.2734279
16039541.692463
18807164.8105495
26389171.1170116
25740510.8654584
21511074.7059635
26965408.555164
19441407.3380242
21053861.0349355
25054835.8228736
1946712.34123001
8396201.64319309
8109259.05547711
3085875.20823096
13501477.3553372
15926128.7253778
19561343.8991228
14377259.4585418
24494098.5377303
24298933.3658454
26974479.1452124
33865350.3997127
8835880.4315847
17586953.6950049
32693915.9540056
23300338.5221691
15740252.1772546
16222723.0763222
14472216.7924302
15982253.7576252
18973012.779282
22572646.2419642
22766395.3736554
17657524.0276232
18331609.951307
23200149.7004492
21248752.9064361
19157483.9745993
15136853.87539
14362868.1265101
19460889.8041313
18557774.6833939
22485841.9832628
20422142.359568
17586806.58869
17432549.884938
16298833.0636101
14403630.6251666
14595993.1268248
17286907.0972953
23221409.9765593
20531755.7160595
24112913.0050736
16844606.5155867
22033719.475895
16812063.5827607
13284269.5694593
22622255.9228602
27356048.8685028
36792732.931963
29460971.4539725
41997580.8091641
32417806.8455097
25471783.4679562
23845209.5518186
26469377.5405195
25203742.8231083
25892482.0799971
25406236.2524647
24492974.4534866
31108272.3842325
25271008.7028863
23343619.1095754
22523956.51729
5131279.57943471
10960385.364041
11020871.9603471
6223272.42139126
26602806.8735229
30790901.3423389
36131640.9527533
29381635.0675795
32158217.4777614
39746856.303979
34514517.4583507
28542159.5112373
4319384.11338254
13456157.9516448
15354833.1302176
5163435.35551779
30514930.6584731
21259299.3977598
17085228.6990067
34017344.3390096
10504085.2862457
7217244.11467143
6481404.41568665
7528114.49720248
15350837.6180343
7873392.76929095
22923982.8496616
19672027.8104781
39421648.3946175
21630217.4303731
28469123.9228785
33426965.9219384
27441463.1811488
29338594.1906538
24986829.7367893
21995168.0024954
34134731.1694431
33584409.5722231
33519721.3356871
29389583.7719517
22422649.2375398
25711325.2582605
22129401.0401982
21566992.0193008
18175161.7069778
21159928.8475606
18312611.5228044
14392217.4215749
4970906.937644
16330828.6757415
29088906.9737058
14772956.9262284
21964390.8210738
24126312.4735885
19142717.7614312
25965626.9234705
24497230.0019238
17487964.621294
13055143.4295173
14995871.99123
22881383.9950298
31193594.4314446
13431569.3428403
7333730.21887569
1708431.77452987
4947868.80846358
3524063.96929017
2581923.2723455
5766058.82486412
11238661.1890497
12143791.5549383
6626421.58746313
3755040.13975383
13466569.2013527
11612877.4343928
3768427.49380706
4093681.45421014
4503721.69824633
5059128.48304635
4898408.80530263
16957173.8665082
20029356.9230674
20993146.1922179
19886265.1430958
20912369.9954965
21292994.8278888
19463705.1887879
19042027.3571561
21161838.4788278
20673725.8314223
22337761.2538522
21150938.0409339
23193691.9738843
21199855.4715362
23060144.3846712
23827734.5622113
25309253.839193
32485816.0604414
38211485.1632087
34347962.9156417
26932915.5714046
29144900.7410622
37358220.3672277
44383291.0712682
37420312.8646076
31129616.9880234
15009594.1618438
27360198.4990152
35188099.7211526
50038723.3945746
30797929.9184334
32397768.534501
4981471.14455239
3794247.72001736
3729537.60197072
3678599.23293995
2745551.58239745
9388435.31468892
9503570.18314758
3080992.5540154
7929251.57459443
15851929.7477135
24564483.8174272
22465105.2969773
6407350.11952176
8483547.2467383
9670189.69623953
4457636.13265782
23162663.1145148
22865985.2334493
24647457.7066336
29561608.1202615
22409887.5471917
21917248.6489582
20355620.4995656
21965598.5853495
24857735.0070151
19936463.5932442
17400895.9968905
24031891.3628406
25936730.3010312
27423354.7673335
23202952.9852736
15303803.3848619
16909700.4445467
24572020.1970711
24368679.3826969
19587349.3858662
31717086.5180183
43550593.2115761
37935986.6403696
34287824.4108289
21269758.2461875
24799760.5291368
15563937.1281219
16233263.2145145
18619035.2592565
19889275.8207032
15280646.1508806
13106485.4392866
13902631.792054
12916111.482524
12745976.9781899
15756242.1308268
15564370.2809857
18701038.7508777
21662514.2196213
14550167.4808041
16660920.6899764
22018166.9464826
23362329.8986167
19667234.7096271
16593563.0654122
14189226.1873306
17407797.9184895
16979256.7331106
11580097.3357768
19641267.8297048
8631479.77451589
3557768.86940003
23144367.2325344
20183595.7129667
19893724.8947223
18598119.1096125
16302368.0723718
19123084.6726792
18306280.3604505
11674763.4802514
2259181.85991834
4336478.066094
4920659.82871362
2480411.52340296
10818414.4008004
11751561.0584838
9199719.38668412
6442198.57957918
9623905.41090716
10743592.1168215
5112386.25742044
9969729.12881368
8034009.90561451
6120161.53678756
6247189.8386663
6162728.22908776
6066732.7454024
8428983.74288221
7264932.81854417
5815412.73747647
22907252.4057549
24120896.2763305
19788166.9524528
19959569.9564561
22841647.0223585
16105457.8827351
8136516.90609546
13447181.2135817
10762577.8223566
9350882.15978672
11082613.0945175
9021070.91575426
16955772.7193611
12555408.6390062
9243789.64797941
18251195.0714565
12353378.4768201
11333398.2012646
5646950.89899812
5465019.09484499
7952175.82275201
10927569.7590819
14727600.0125118
9502639.79523354
8682621.19804305
19909529.5073476
25986071.7582835
11467294.2478125
3517970.16803516
5841816.79484297
7591011.15188039
4582262.72022163
5306188.26993361
7574207.49694737
5655686.36474856
5906945.41696943
7874836.55942842
6601467.45956267
4704705.02093043
8643619.11911086
5584112.85823272
5032044.44463147
5125809.16988029
4876446.75216613
6205949.36107299
3894747.30676712
3235550.48861328
6593051.27655805
2006099.91881426
1561219.37817463
1859141.82271845
2842904.11955805
2422335.15256893
1940711.6611202
2837411.96809283
2458919.4389479
3434975.74071763
2096351.26310271
4187524.38535949
5443207.19518869
4077268.32275529
3343014.88790838
4861775.60264593
4140634.21329458
4075068.52982197
7733774.28612271
9849048.75276145
5975268.73195608
14257640.8331567
16556287.0427561
22987263.0803068
12520594.9859807
13980841.6196637
27149700.9209427
22203880.8900697
13872787.1825079
5873085.08262888
8591853.20023276
5882950.7166057
3129666.32346559
2479436.63691499
4089582.11543208
3844940.8749571
2423384.19386934
6705480.33778814
13465537.3658573
13364050.0031887
13632778.6245334
20937952.6759287
18701905.7787837
23952078.7956845
37280531.8551568
7765244.88814596
12761087.7441693
27401207.2694994
18236349.766379
5127091.81814017
5573658.47792432
15311738.2194123
23209658.7098121
4993323.12642826
3826118.71472725
3307670.74957261
6910583.01715551
6427957.18994612
6695965.84150232
16723949.3222657
13002738.588409
11458349.3381288
9421159.19769111
9533778.35996959
13307564.9209382
4182799.32157784
3451506.53297734
1810939.96929289
4145195.46235073
7685050.16704752
14853017.4928066
15318221.5101502
5477286.73914691
2771775.59878735
12412412.3828094
7003811.24086022
3641219.06013885
3306586.18423503
2897144.15496384
3608737.51922406
2967324.01046933
28487941.3372646
24224555.6626545
28223316.1419671
30257245.13675
23373543.1439108
23875681.0969743
32010242.8733788
30431898.7524181
31903056.6365723
38734466.8258008
28499679.80197
19137649.1950129
26355298.1034569
27010678.67311
16892993.8181054
16849610.7851477
7434153.26551627
9463279.4031464
7990278.67673053
3866717.29661102
8984151.95560162
13268569.5863412
9726493.2928475
9927752.03663338
13673064.3878211
11988938.1806322
14632585.1105364
15590051.9977405
3018771.66214876
8433622.93100429
6531946.67322955
4456561.56130199
1867359.59813313
2597820.44787884
1823091.0923835
2015833.15313402
3477842.95643077
4345094.4187915
4578740.56799376
3679273.624697
3254924.3345139
4011692.13431626
3351802.45537383
2843617.91023423
2445161.88126646
1094275.4141535
1791169.38873769
2076165.233571
4297307.59913085
2291044.30717408
5416603.42357409
9987690.98907081
5013015.15980557
3880542.78095155
3107443.61892712
4678828.35804062
3411821.11543926
5903922.24523215
6572310.19818847
2700885.33167338
6328535.95962172
3856706.07308758
4007038.96470802
3303134.4688734
6426450.7921497
9285060.49325531
9200527.07315933
8028999.33689415
14565335.0790351
21382929.1682989
13139310.483051
13142751.2094347
10526097.1942312
11004386.9310375
10972805.2145175
9259131.29588553
5614214.09524077
8952965.34549627
8415076.09516599
6337534.68796862
9863388.214019
9599739.46258229
13006301.4347926
12994600.4791845
10388497.9018282
13762611.7922126
19042150.6939826
14628756.4317929
18805025.128526
22027822.7377976
21594244.277508
20803973.6281006
17226279.5763723
17768149.7269015
22565762.4339307
23248396.1785063
3455769.70419173
4714881.45251781
5791927.4373213
2877001.43377638
2994583.80056916
7465763.90311742
9111826.66186982
3115399.87939208
3633741.97646411
11644387.411974
13473592.8909925
6723035.73601125
2475196.24889558
5117388.63527662
2779444.70464769
3718440.29293548
18967861.5037453
33632888.9767509
29416200.6927448
19094427.5019255
34868814.6250824
32082270.6958692
24066735.7142903
31761059.0938074
31916685.2761773
27832808.4422466
21332275.3259887
22149807.822844
28421893.1150764
29478900.6372889
30086214.8451697
39270682.8175454
29538695.1091839
28775338.6329326
22799112.8392197
23083919.2999157
21176164.8469827
16604354.4736398
18980786.9200738
21487470.5300524
19793067.3884145
25173006.7480766
25099830.6102858
21240595.6490914
21540196.4517853
19104436.7563217
23314995.6421427
21975939.265631
23014034.7372488
23812199.7444634
27937693.7821257
28871814.764882
20973433.7421948
26763139.8380263
29826119.4106466
29657070.3170224
35328682.7052582
42418206.8077632
44528712.7679841
41889436.0245704
26324497.2833903
34620121.8503146
50199576.1105143
66942877.5997128
41863834.7691637
25135324.5434451
13078679.1177095
40872472.6285252
9943208.74762977
16029566.8953984
19453847.0078195
9470140.81400413
19834965.4624607
23799055.7935113
49355657.5291465
33225166.5488071
29055630.1167461
13921168.9143018
15332980.9902094
15325264.0499873
10679868.5132845
20789321.0652004
24059327.6568408
13060701.2945013
24882173.8037866
23131048.4864865
28859987.9189733
32720012.8530611
28028623.4372179
24027649.1932071
25023629.2925076
20808752.6254639
26759987.8696111
27963441.6063285
25494508.1383157
36704920.276141
22831601.9277974
22935873.5936651
17806345.0723072
14590284.0101094
25544613.2129414
28980946.9500333
25406320.7097904
24864588.3622697
23884748.1027386
26643528.4188635
23626544.9567521
26263812.0317108
19342855.4944966
20974341.5181191
24981106.4348923
24795188.1529876
29031221.7485436
27024317.4901818
24069395.1778903
29161065.1929295
28534053.8609991
29150764.8163502
31188449.9370631
26102939.2566558
22450401.744951
25094512.2857261
13375333.4976708
19823321.7231477
29952340.1366509
24190671.4460963
26890793.9250646
32262071.1719562
33899043.9477971
22120495.368098
28301364.1741911
21206790.189787
30296742.7211581
33350403.7905052
38780107.2615412
40006934.1790654
39836194.1319765
35958560.5282293
30005021.269616
32709602.0502844
14631062.4249893
33978373.9940063
32751221.6652828
22737685.7806281
33871752.0943222
37818102.1464112
47046260.6689884
40084226.5739653
47163467.18456
50689091.5853887
48269180.6453407
52011799.9093067
51081120.7920386
41142614.7500663
27077065.2593249
37505101.5814293
48532069.751423
50263829.4627925
45169075.5788314
46920747.0401287
40535805.0615004
24733521.7192629
19603395.6404756
34754229.3785228
16704165.779856
12148113.1868798
7381011.56201135
9032936.25704689
13051852.5976646
19679351.3065615
34881690.9809623
24909302.9673331
25474129.3302046
15079957.3342174
16092722.4924796
16558147.3372121
18849888.4087598
28210759.4960241
38852067.9945161
31699283.8154786
37908743.1823251
42218249.5777393
34763220.669162
40786322.3736302
30955537.4652383
18289938.5819537
10023885.4372775
15077601.3213091
40896998.948108
37993146.7599803
26670179.6844753
38348690.9429963
37125440.4669997
32202393.6114133
17714283.6511278
22588119.2975058
23433705.1362657
14741249.076782
23554299.7291737
15966728.9812709
29634323.8604094
39088357.489124
47839822.3806508
46003269.826769
10298207.1001605
13908243.8407864
31841436.8660153
12431441.8235246
13243675.0978411
28678559.0962205
31999191.5660114
18635491.4023587
31238104.8261433
25745257.3953543
19726842.7753072
27050425.0068122
19941832.5085511
15104572.5413219
11197656.1670549
14422401.6863658
26813758.4387504
29212498.6501935
23118000.8260695
32136359.0456693
20912144.0594946
23948925.6382912
19892788.0962667
18163817.9753688
27409756.1903606
30405677.0738205
19267005.4581797
20933060.0378944
3530178.02748971
8021236.54346764
26028077.9332469
21346838.62864
12650129.1429134
9638648.06364401
16522533.0054304
12835949.2060459
22227176.5321254
38846060.0317644
50245396.3569024
28168905.5810728
38320076.4111068
32866550.743275
26262487.962975
48376588.20357
50120429.1476012
21199806.5336512
29548128.6902934
37384959.3490497
34554054.3751045
42751564.9085338
38719092.3505975
34148139.4097789
27901727.1490053
17702652.6558841
13021001.6582218
17072590.5060896
15507260.0896932
12429170.4500882
22309362.9915206
14398407.7721747
18312608.4645246
26300924.7779519
32619144.1820303
23749297.6840054
12017698.8854246
12019528.3396436
11499399.7136049
8536535.78961158
