7.73072688043908E-06
-4.02847866306341E-05
-0.000144845508610694
-5.36762789680314E-05
-0.000103402949946904
-0.000117384615937708
-0.000120272710478975
-0.000174028470867832
-0.000155024631593407
-7.12669486736683E-05
-6.01649045317598E-05
-0.000109766832772772
-0.000185308494902599
-0.000229646101311244
-0.000215357988328714
-0.000270770979295821
-7.62270632712768E-05
-2.10109557779488E-05
-2.341813194607E-05
-5.84014498425365E-05
2.5396525134653E-05
5.63233272029769E-05
1.37868712862962E-05
-3.85632389558231E-06
-3.68581782798548E-05
-3.94185556707028E-05
-8.93450636233966E-05
-7.31660891534887E-05
-3.94490405889706E-05
-3.50411616741876E-05
-6.13179553273423E-05
-5.55857742987335E-05
-6.75348358802438E-05
-7.8689438822148E-05
-8.5497864407848E-05
-6.54486724025107E-05
-9.71202708088549E-05
-0.000120315163514075
-0.000149279325362085
-0.00012034847225875
-0.00014098028152612
-0.000171289184172201
-0.00020141600346111
-0.000143651099424081
-6.01857905722476E-05
-8.87358845672776E-05
-8.26400061728144E-05
-5.70343604670539E-05
-0.00024746555505536
-0.000171568398026456
-0.000156913655159845
-0.000196797357707361
-0.000102359535368083
-6.88412176914999E-05
-7.06964190432749E-05
-0.000110662211023221
-0.000124475413782059
-8.44100044048875E-05
-9.51250973727219E-05
-0.000118285191434137
-0.000151293614323905
-0.00013875124640072
-9.16367239604803E-05
-6.37756125846017E-05
-0.000487199175404667
-0.000429987109335011
-0.000158550575876214
-0.00032534203153516
-0.000284285018008937
-0.000144009532833489
3.53480041051199E-05
-2.14632152123776E-05
0.000168635558862086
0.000156058356622444
0.000193129505247313
0.000220455153829735
-6.11946336335918E-05
0.000107739170077181
0.000228837338327166
0.000161097085541059
-6.2960273253901E-05
-2.47918438065209E-05
2.23378897152288E-05
3.70184580739801E-05
-2.81737686603885E-06
1.16637662795694E-05
1.13025470560773E-06
1.20637958818978E-05
3.28048145178185E-05
-5.73996494204234E-05
-0.00015285795423912
3.40271018310872E-05
0.000118906418879301
7.75882276102745E-05
0.000127181138866983
0.000162965015622469
0.00015882847443753
0.000119581439712956
3.03383457128236E-05
0.000101961940852111
-3.22860553604609E-05
-0.000214034461181853
-0.000211304857540363
-0.000122422803174027
-0.000165479955869637
-0.000176801778943023
-0.00011069402232432
-0.000162163950132832
-7.25776622211475E-06
-8.29264796202464E-05
-0.000173512809065989
-0.000154366462324093
0.000147133147855426
0.000145582097907506
-5.1497069589668E-05
-5.9252738682232E-05
0.00014468630107534
0.00015377100483551
7.06823905451505E-05
2.87346487945815E-06
-0.000133625497468625
-3.55268025844883E-05
-0.000164129693154644
-0.000245296437026891
-0.00026317547671763
-0.000229748380499051
-0.000349695323250661
-0.000381531702877487
0.000135711795839363
-5.44859479438906E-05
-0.000133812224408292
5.83260075874684E-07
-0.000237938615697472
-0.000359113668789311
-0.000409969168332437
-0.00027911292784645
-0.000313331379120979
-0.000430313125815771
-0.000397805113296332
-0.000339625011994651
-0.000157470889966772
-0.000220998605412752
-0.000299697334213224
-0.000271212318907556
-0.00040659240826566
-0.000403896743680722
-0.000517966647994432
-0.000499347335243977
-0.000406286472759423
-0.000449761282695564
-0.000438422805933524
-0.000490056721694026
-0.00049314089243266
-0.000291630087463037
-3.84561971777446E-05
-0.000324038867403583
-0.000547429368699509
-0.000589513562643875
-0.000499878195311555
-0.000477454687253238
-0.000327545744290916
-0.000319896234893368
-0.000253837785146114
-0.000256729575711549
-0.000148467741505863
6.52636950619931E-05
-7.78428586639278E-05
-0.000170427756428779
-0.000303979982384915
-0.000267929872678594
-0.000385197877920191
-0.000420057058363727
-0.000265445173285087
-0.000308790717558983
-0.000362350295995977
-0.000266637047861345
-0.000319353258028299
-0.000325462768833953
-0.000337799280120016
-0.000343159765494353
-0.000322165307545935
-0.000311703688038381
-0.000268544275896287
-0.000310455153890968
-0.000311120124545963
-0.000268878711217178
-0.000276508832020521
-0.000313871721439953
-0.000335780655718178
-0.000332492510993966
-0.000315933920194164
-0.000306354206798563
6.52340707664154E-05
4.25865814384993E-05
4.63261849262211E-05
3.33952502720354E-05
-7.34648064816206E-06
-3.0514894784532E-05
4.16428023144419E-05
5.02844054846213E-05
-9.68139484154739E-07
2.54519525852394E-05
-0.000118092399679158
-0.000128728636827626
-3.46472095711627E-05
-2.38408545010892E-05
-0.000120600308038948
-0.000106260231249941
2.49237534092805E-05
0.000136722437573299
6.00295386282549E-05
4.49839075102573E-05
0.000235878394009865
0.000249732592178425
7.94525807539321E-05
7.54593479687454E-05
-3.53346674655037E-05
-8.86247124532997E-05
-0.00019886794082738
-0.000128754178854655
3.59250149011608E-05
1.47733994716317E-05
-9.20491551476251E-05
-9.60452975786407E-05
-0.000257588741405442
-0.000262269938228918
-0.000335000961837535
-0.000287071192490054
-0.000252382226957612
-0.000274874127596266
-0.00033113586127151
-0.000341695901455472
-0.000351636512175825
-0.000340462983042871
-0.000321608883312651
-0.000333335058395706
-0.000281897356757007
-0.000330163608379572
-0.000312770615491416
-0.000273669666449813
-0.000144909575629056
-0.000168136304014063
-0.000182975304264014
-0.000169144401626517
-0.000191716886684402
-0.000223055445473172
-0.000230544126283254
-0.000197764816319804
-0.000192523402570012
-0.000225654620599465
-0.00022645175039877
-0.000189314375561762
-0.000184867026431314
-0.000184998636726465
-0.000180937322134514
-0.00020248112987232
-0.00059540386465419
-0.000546891206696845
-0.000808305567896748
-0.000604441309790637
-0.000576678071728927
-0.000697599691368787
-0.00126220896119105
-0.0010561479796938
-0.00156972350262238
-0.00165176022709704
-0.00135921902698772
-0.00143956346764664
-0.000380782826762963
-0.00102843463291034
-0.000786126078324733
3.68578403438343E-05
-0.000769937048819494
-0.000696602596327279
-0.00100765605659578
-0.00123481713188819
-0.000518430747097185
-0.00030525350486314
-0.000510086630696979
-0.000737104152782989
-0.000734413694856887
-0.000566759355651101
-0.000328108565091326
-0.00036308691385789
-0.00135268556555154
-0.00100368023978917
-0.000542276759251841
-0.000887629502850072
-0.000446821377877116
-0.000182574018516472
-0.000165026098713333
-0.000373778479027092
-0.000108308094890989
-0.000176565496465748
-0.000288595538512079
-0.000173308951309288
-0.000252475434627253
-0.000321391705199232
-0.000279190413257924
-0.000279016649401784
-0.000362828367623309
-0.000227632253253523
-0.000287108602684644
-0.000327095583751562
0.000308942885068556
-0.000258732673379603
3.82304302417344E-05
0.000330377128958816
-0.000804175912212149
-0.00081711626141023
-0.000583495182300907
-0.00038202573420708
-0.000298093469533332
-0.00048454848572147
-0.000328492714686809
-0.000311829193864383
0.000252540118455137
3.79423765541507E-05
-0.000184596915359606
0.000123148481744307
-0.00120715795373019
-0.000862986292055366
-0.000737315288937548
-0.00126749433070477
-0.000468244039595539
-0.000188483329975034
3.50832371085295E-05
-0.000273228518218495
-0.000316578194077689
-9.69192264130235E-06
-0.000111311614158921
-0.000372907688212754
-0.00112822299102489
-0.00068657591177318
-0.000617167489896635
-0.000872270952770387
-0.000126537053324429
-0.000261283362059163
0.00012301337599075
0.000167138664445919
-0.000469308577521466
-0.000597807757984241
-0.000354681381716459
-7.5293864635058E-05
0.000346039096779831
0.000102388006189824
0.000475259561036255
0.000529142945707652
0.000231342068301265
0.000368301684646301
0.000386043055797762
0.000155470024505587
8.41061742905409E-05
0.000301526726922739
0.000207178185672906
5.1926198888062E-05
0.000488414213322002
0.000548464200902296
0.000443770346900808
0.000366372540393626
0.000253711159702631
0.000327638088827565
0.000321621667869736
0.000244365891630223
-1.42789207869256E-05
0.000100540176022113
8.15573001805398E-06
-0.000140055277849005
-0.000593554979743169
-0.000467079651065425
-0.000329590071746956
-0.000400231076345629
-0.000320744940424462
-0.000133613655786656
-0.000100171850077159
-0.00023342924975166
-0.000174990293214502
-9.4793111305534E-05
-0.000131768898436181
-0.000131729004016477
-0.000314944259386779
-0.000252860762100234
-0.00019522377557837
-0.000288546000043558
-9.92954051317194E-05
-0.000364942798112417
-0.000627209777022677
-0.000449009316550608
-0.000621001384197612
-0.000873046231580984
-0.00108571196608847
-0.000855503546083367
-0.000978395642279549
-0.00113248358488571
-0.000979190751011971
-0.000890127528086581
-0.000889155833199014
-0.000884584450238393
-0.000937734678904152
-0.00118085098941325
-0.00113409600282256
-0.00136585214214558
-0.00166562652318118
-0.00135758719448921
-0.00147998077577661
-0.00142058960627485
-0.00168945252065228
-0.00183158710327543
-0.00180577413306228
-0.00156545504167152
-0.00113248524820167
-0.0013156238772162
-0.00138851896401948
-0.00170472566700581
-0.00133200662113126
-0.00116043147678677
-0.00073096083127428
-0.000738792187846379
-0.000307853273272716
-0.000324898265107577
-0.000737402394988857
-0.000695756885870447
-0.00043172932328854
-0.000391955433557362
-0.000277399193882395
-0.000332137869811201
-0.000331787244428066
-0.000316503320841436
-0.000143360918050027
-0.000181111525038837
-0.000296016726051845
-0.000229525084199455
-0.000953533619195544
-0.000679520370447812
-0.000388391519896589
-0.000482769945963195
-0.000651411709274352
-0.000706958293983907
-0.000425686654195695
-0.00043016393596661
-0.000323257013559489
-0.000238453868991708
-0.000199908892777173
-0.000290761669871137
-0.000256838280081384
-0.000298054948585097
-0.000324972311396898
-0.000261524989242264
-9.94115943698533E-05
3.37221514349502E-05
-0.00024592704520785
-0.000346651362367532
8.88163454161697E-05
9.64477474249829E-05
-0.000199460232043184
-0.000196865864501156
-0.000390119945157742
-0.000361300343012767
-0.00063384225944501
-0.000618964464424043
-0.000479098945009961
-0.000430771946754456
-0.000533003191223615
-0.000407047363083018
0.000122649660272519
0.000182148883828193
-0.000247764022619853
-0.000223667402665014
0.000212372987762883
0.000135794041424529
-0.000343797349744211
-0.000286852923783173
-0.000785931438256166
-0.000890681076105267
-0.001362157600478
-0.00126219165759868
-0.000426103926390346
-0.000600646797587624
-0.000986125165351774
-0.000731248014155517
-0.00085155159619484
-0.00100796573530405
-0.00063414428607749
-0.000632558903152455
-0.00121509435717347
-0.00124075368267972
-0.000646003802198928
-0.000675317240587949
-0.000264426446894795
-0.000250766289083825
-0.000194208211480644
-0.000178201333864061
-0.000346229011049044
-0.000297741959950381
-0.000196353119107707
-0.000234024194047417
-0.000354501980163584
-0.000585270557819448
-0.000561465630683992
-0.000430149145553411
-0.000764461120154581
-0.000809740050508503
-0.00066600266795683
-0.000656927795900252
-0.00040096529497792
-0.000385655564814869
-0.000267352347541312
-0.000291401141299998
-0.000382835912831559
-0.000408841167194151
-0.000314128471524867
-0.000285506862032386
6.7864365098923E-07
3.86253918260266E-07
2.85858929653405E-06
5.16009213742891E-06
-5.63728103416444E-08
-5.25038713996423E-07
-2.74608703073749E-06
2.50873169751766E-08
2.21094437831836E-07
-9.52314976147003E-06
-2.3289672960138E-05
6.95689454619302E-07
1.89217157475245E-05
1.0253199174732E-05
2.43439575699997E-05
4.40831459685053E-05
-9.42495285597422E-07
-1.2807070049034E-06
-5.78327392318409E-06
-4.82622021118357E-06
-1.54497015827631E-06
-1.72927781163292E-06
-5.99403314415058E-06
-5.93783795988351E-06
-1.5998298974546E-05
-1.11447952404639E-05
-1.59801809878079E-05
-7.53235021005538E-05
-1.78491231177219E-05
-2.06307079027592E-05
-9.66063443515264E-05
-5.93173017108688E-05
-0.000120749783925354
-0.00018682573148604
-0.000201120255723973
-0.000169203306604028
-0.000159682617544465
-6.01546801521747E-05
-0.000130671840639454
-0.000181572557062115
-0.000145940075975559
-0.000147623711997752
-0.000122297868139498
-9.0516064348186E-05
-0.000158976341726645
-0.000158285766146227
-7.06263917452268E-05
-6.54150965055585E-05
6.69815983492033E-05
4.33573895204946E-05
5.96374898960285E-05
5.33577223009106E-05
4.77537246633494E-06
-4.46507037843106E-05
-7.31704488332843E-05
1.89706056966655E-05
1.61734857693183E-05
-9.00600582800078E-05
-6.07138202495467E-05
-2.82558238090686E-05
-2.69230637776815E-05
4.55835210314994E-05
-2.35120118594594E-05
-0.000163744248113039
-0.000134742427609409
-0.000125052904139615
-5.93723097806801E-05
-9.9056565548149E-05
-4.59235798537996E-05
1.09171255331146E-05
2.12669615891109E-05
1.48184325709261E-05
2.43962063462277E-05
6.17431344692412E-06
-5.21396748497429E-06
1.57879270330191E-05
-3.92790391283667E-05
4.24029629720372E-06
2.64272266765095E-05
-1.14876498863187E-06
3.90977938433011E-06
-9.75137305473237E-06
-9.61053687714613E-06
-4.92493243457654E-06
-5.97909428347622E-06
-1.78911815632777E-06
-1.83764461120375E-06
-5.97129960416601E-06
-5.90666716030524E-06
-1.87267082843736E-06
-1.88265427433328E-06
-5.74153830046003E-06
-9.1736064043551E-06
-9.32549942918765E-06
-8.80132791542366E-06
-9.938055565818E-06
-9.10851888163016E-06
-7.96355128073252E-06
-6.72467635441018E-06
-7.22735133002596E-06
-5.40015314059565E-06
-1.83018698778119E-06
-1.65925769261835E-06
-4.77832615592726E-06
-3.77671325495282E-06
-1.3433661749165E-06
-9.08456195871654E-07
-2.42584066930648E-06
-4.74638493542887E-06
-5.06119509478082E-06
-3.04757152372392E-06
-2.22955467028273E-06
1.15221068522412E-05
2.23983983747888E-05
1.55032161251217E-05
1.42243399167109E-05
4.49848299770691E-06
-8.36399909056653E-06
-7.33978743955927E-06
-3.35084927905854E-06
-4.00403998636609E-06
-4.06617503794478E-06
-2.77988005881299E-07
-9.6823109958801E-07
1.4095691328823E-05
5.83447754346183E-06
-3.69234885398726E-06
2.13803301257841E-05
2.926084089012E-05
-1.62414454546781E-05
-4.08530409922367E-05
0.000102771006508545
-6.49455258248456E-05
-5.74400283282431E-05
-0.000196787807610966
-0.000197455947273499
-0.000310465152847098
-0.000353615415312973
-0.000479474722652522
-0.000384943655091991
0.000170528873669794
-4.95188785342501E-05
-4.72864373278298E-05
0.000196679908404382
-2.51869714827138E-05
-7.46598065584332E-06
-1.4100203223758E-05
-9.40154026967535E-05
-1.7002608870547E-06
4.3801086321659E-07
8.42855822258455E-06
9.75168487972648E-06
3.2423571088205E-05
2.9829246353255E-05
5.11421422983005E-05
2.60388524185932E-05
-0.000193954461615274
-2.95703101869346E-05
-8.20665025482153E-05
-0.000297193353350064
-0.000374778520240791
-0.00015861156169256
-0.000233480793242735
-0.000411702969842982
-3.51428182587024E-05
3.98250325030337E-05
-2.78168559248705E-05
-0.000139203044723245
-0.000253955476386377
-0.000153741417864783
-0.000326021624350591
-0.000354872350843573
-0.000386566179428828
-0.00028920130897688
-0.000304076546112516
-0.000294374824680976
0.000179506539998323
-4.45551140159024E-05
-5.9928916522815E-05
0.00012025196091792
-0.000407608628292552
-0.00054862749165598
-0.000545850182899798
-0.000372470003483019
-0.000310285511343991
-0.00046267932193999
-0.000317741663519535
-0.000245919149863311
3.90308945877255E-05
-9.57014420534135E-05
-0.000135937868100534
-4.3059286217245E-05
5.62536817813337E-05
4.08820591986098E-06
3.9510087160839E-05
0.000116694254731912
2.85216282906434E-06
2.32014052214995E-06
2.44276680381191E-06
8.45817841790401E-06
2.21245993464599E-05
4.72098743076208E-06
1.95196340878316E-05
5.62431718165592E-05
0.000184981474041423
9.15695238078116E-05
0.000151533888803216
0.000245314555030886
8.81895254048977E-09
-8.20855999525397E-07
1.06062723099373E-06
1.74254861507589E-06
-9.2431685866051E-07
-4.18071053251295E-07
-2.7795816240307E-08
2.51731294625295E-07
1.29678840012451E-06
3.41999829827485E-07
8.09441736240296E-07
2.4114134133843E-06
4.77360172102541E-06
3.05521347708623E-06
5.34065935194225E-06
1.10484106521343E-05
2.31014221644797E-05
8.11484903854435E-06
1.45867573790675E-05
4.87560703094772E-05
3.79086313892503E-06
1.55191826499197E-06
2.79641227910796E-06
6.24782727274139E-06
2.58972135451112E-05
5.66014624984362E-06
2.22472088193949E-05
8.89029846510276E-05
0.000110749212725571
6.02859119738609E-05
0.000162886993810401
0.000201909536648984
0.000285935405791648
0.000213445785502636
0.000241397757479769
0.000282977109099268
0.000116896585504664
5.50013000286947E-05
0.000108942132894413
0.000176514803379544
0.000204304183623727
0.000167994734268091
0.0002089351985368
0.000189176433836197
0.000208807467788789
0.000216139127812062
0.000146891057221452
8.97699350001905E-05
-1.45465523621068E-05
3.16911939423198E-05
0.000130912790495341
0.000117221294291703
3.59921568331285E-05
1.20163784896352E-05
4.37588824451047E-05
9.24732117479982E-05
0.000122888991081502
7.55513960279517E-05
0.000123828572491409
0.000160613583603947
0.000191941634942698
0.000175878385970173
0.000190385295575014
0.000204897610584817
-1.97527035953348E-05
-3.85106516533292E-05
-3.10123282533475E-05
9.49536531683203E-07
-2.17146551890212E-05
0
0
-2.18310869453632E-05
-1.54153483319573E-05
0
0
-1.62001630177886E-06
3.49785288095484E-05
-8.43783166314586E-06
2.59148585476951E-05
7.87976654020557E-05
0.000133882976264771
7.50719736851638E-05
0.000138582776351717
0.000208645881451869
2.0567866730673E-05
0
0
4.70044808861512E-05
6.07070719016364E-05
0
0
3.29958101804012E-05
0.000273649968251224
0.000183705775351711
0.000129562815981673
0.000235792499276395
0.000171277826884768
0.000204580423616322
0.000241780801193153
0.000147286526378198
0.000218938769366637
0.000187467039417988
0.000258148140409902
0.000279597936154759
0.000323767617363771
0.000316696696595265
0.00030845359063442
0.000326256698744355
0.000188209361766328
0.000288825784955712
0.000295505733061562
0.000267997845873602
0.000317618696561986
0.000233001485713156
5.88189410437656E-05
0.000203443926395453
0.000200329841325652
0.000136581360505068
-0.000123551286615917
-5.32195430692932E-05
-0.000230243225315288
-0.000236730388999235
-0.00016508195240037
-0.000205963239349117
-7.72441549734863E-05
-0.000168156744056281
-0.000236337025680826
-0.000231529457809843
5.00479303782473E-05
-1.35357096086157E-05
-9.95213668543043E-05
-0.000138050445892601
-1.85686559537414E-05
0
0
-3.57729786057373E-05
-2.36487955267911E-05
0
0
-1.41627039473667E-05
-0.000179114228594422
-9.18474591301262E-05
-5.8350256489949E-05
-0.000114692891325576
-2.10280411582364E-05
-1.61047305987834E-05
3.69069262843465E-05
6.75573543153723E-05
-4.66234325366057E-06
0
0
9.43115474495691E-06
1.4989723316401E-05
0
0
2.55454917510258E-06
7.35794475968343E-05
5.33162047901323E-05
-2.29353943381406E-07
-3.44927567682012E-05
-0.000150059342263902
-0.000119028797873099
-9.896411377542E-06
-7.619621696394E-05
-6.98760964090078E-05
-3.17269970810434E-05
6.9797868549408E-05
3.88559515244146E-05
1.31791232907429E-05
5.23409112447735E-05
-9.7444438631154E-05
-0.00016203997957944
-0.000120749797067593
-3.92274333661093E-05
-0.000218250577263132
-0.000268667205186642
0
0
-2.67634244839879E-05
-1.16408692424698E-05
0
0
-2.63500023907454E-05
-2.94438209281433E-05
-7.97565332234726E-05
-7.81635761915888E-05
-0.000134413178900408
-0.000116160808580944
-2.47799805032819E-05
-6.7369025983806E-05
-8.0471963456613E-05
-1.36671224814906E-05
0
0
-1.85434242018988E-05
-2.22755651144017E-05
0
0
-1.78723441277062E-05
-1.65436000995493E-05
-4.38972000484645E-05
-3.77899598970113E-05
-3.95437927269446E-05
-7.15251339884108E-05
-6.9107658247269E-05
-5.62313224387042E-05
-0.000106432059406962
-0.00013056986317689
-0.000205418334861522
-0.000174608510620994
-0.000241332911611798
-0.000264871081350202
-0.000110770574027568
-4.14678476089103E-05
-5.64716520191599E-05
-0.000159305943162667
-0.000206218821014844
-9.707662039466E-05
-0.00014998224180139
-0.000224890924944664
-0.000281975107637972
-0.000277729753012434
-0.000254497011949503
-0.000242609291030687
2.12959694827593E-05
-7.26766317056297E-05
-4.57496523364115E-05
8.52216551020069E-05
-0.000141337984565037
-0.000191091031760851
-0.000225326018813375
-0.000146644173475422
-0.000130992444028405
-0.000225783400691567
-0.000190713523553103
-9.39236903423967E-05
0.000152919845353452
-2.2145562425701E-06
4.1218414253388E-05
0.00016350976128805
-0.00046632312457592
-0.000438970955300616
-0.00054606381194899
-0.000597064200050399
-0.000368818825977695
-0.000272239706302509
-0.000378562375097737
-0.000478105058333694
-0.000469572007171786
-0.000403557821153075
-0.000294582911807063
-0.000310491610435196
-0.000537078171656178
-0.000501098765377373
-0.000313437073728491
-0.000337075970557374
-0.000166162420643423
-7.32648229422248E-05
-0.000130141579479409
-0.000254581758895739
-1.66507241875064E-05
0
0
-3.5370871328725E-05
-5.26435052710377E-05
0
0
-5.7604637298962E-05
-0.000297555921174506
-0.000171396005699708
-0.00016482747027171
-0.000245558745534891
-6.1822160413132E-05
-8.435820872892E-05
2.91552585985434E-05
0.000145050188202788
-4.12514230918606E-05
0
0
-1.02742498649008E-05
1.28686759573105E-05
0
0
9.41351466740681E-06
0.000202510113371656
8.52614926293105E-05
4.71476879979653E-05
0.00010398311277978
-0.000106362105192239
-2.03891909036823E-05
0.000219115761058032
7.92037058795284E-05
3.80161928032919E-06
-2.02157232861774E-05
0.000244800712665125
0.000274501854617154
0.000329963397164997
0.000291730383405794
0.000162292079757291
0.000229896927629056
0.000178364298215385
0.000301074481477486
0.000269054982033608
0.000209412807318426
-0.000123365045054458
3.54806961155745E-06
-0.000183155722315588
-0.000255707734770117
0.000102520600081783
0.000139400753070936
-7.0200636659602E-06
-8.68877890185305E-05
-0.000316588753944969
-0.000231377525595491
-0.000555516909767633
-0.000588869824571139
-0.000353492653035198
-0.000364507687557293
-0.000537344074737561
-0.000421971802562602
0.000115502308179387
6.76780343814237E-05
-1.12474809114972E-05
2.40618001513756E-05
1.51413123117335E-05
1.71282150476627E-06
-0.00031290549175135
-0.000153860544253854
-0.000285226668867999
-0.00031831250774699
-0.000290665143638904
-0.000385363007240439
-0.000181032809568755
-0.000212661351220098
-0.000449671999189967
-0.000496755406642429
-0.000684252177902994
-0.000565978932452857
-0.000584145919873527
-0.00070831328164197
-0.00043776811566833
-0.000349217056585626
-0.000352628302311896
-0.000447526595728496
-0.00043803196853632
-0.000340145071037155
-0.000341546847305539
-0.000420849585156478
-0.000715645510218217
-0.000582468290671374
-0.000583431589392527
-0.000735309102436374
-0.000479931936221291
-0.000678025189725647
-0.000678908426263091
-0.000486505652178702
-0.000787459912798048
-0.000771861750274041
-0.000775571430055921
-0.000774497338406198
-0.000721793965448911
-0.00075761347698649
-0.000786479663417908
-0.000748007161661757
-0.000449734710080286
-0.00062518055975522
-0.000622752862759566
-0.000413181669955833
-0.000496343331251474
-0.000682253278632487
-0.000728190628753963
-0.000533827352955384
-0.000602758460729886
-0.000363794215527845
-0.000355140170881813
-0.000617581211914299
-0.000523464249231168
-0.000318072223473246
-0.000224963069778015
-0.000343283566192592
-0.000526741666739138
-0.000640556742083152
-0.000439362401219835
-0.000403165184160635
-0.000158354697307804
-1.74441890003088E-05
-4.08947828311742E-05
-0.000151366059841011
5.87546068157982E-05
9.49284118491187E-05
-1.61955079947867E-05
-1.00493312636203E-05
-0.000106859811125346
-0.000156307191499006
-0.000308989351647818
-0.000235283311765368
-0.00016271271713244
-9.49032718911289E-05
-0.000164024929187293
-0.000155614758066587
-0.000196235937631425
-0.00028656042783688
-0.000416401833134539
-0.000330160755810878
-0.000376759073271762
-0.000401670637842861
-0.000428075048437735
-0.00045547391355598
-0.000433842009789101
-0.000424231345607676
-0.000418554095686593
-0.000378815814565645
-0.000368992799612703
-0.0004165971328967
-0.000330204575265934
-0.000284510053165509
-0.000224998716230372
-0.000223042264101075
-0.000228128224522416
-0.000257018477339411
-0.000197266237596408
-0.000170365355609441
-0.000263484852317848
-0.000235320132787729
-0.000319285592688145
-0.000324342050311981
-0.000265354545874202
-0.000295571685947857
-0.000352681619914192
-0.000342498554331804
-0.000334185969937934
-0.000309346286966717
9.91483739916088E-05
5.11725302963995E-05
-4.30345979674057E-06
-2.02851253629804E-05
-4.01466449023669E-05
-0.00012036968025417
-2.10351286010611E-05
3.80551275870851E-06
1.57721915336263E-05
9.95289876189929E-05
0.000121099103834128
-5.01287088956359E-05
-0.000173929802966022
-0.00010897881862305
-0.000213033701778396
-0.000307334751093578
-0.000160095409551803
-0.000183563778616994
-0.000103672702956098
-5.78537906209853E-05
-0.000207519204533611
-0.000202541007694928
-0.000250467966405289
-0.000178013533305095
-0.000162138087815665
-0.000282567169566019
-0.000304363578858817
-0.000177047117145035
6.93279519293725E-05
-3.66039283678727E-05
-8.42430807710723E-06
0.00014330211689783
3.06269335521899E-05
-5.39562514803857E-05
-0.00012360944405429
-0.000142781191338892
-0.000208246757341255
-0.00032289157044399
-0.000311415548769768
-0.000203937870757058
-0.000150071928033386
-0.000260474668554198
-0.000197265039891456
-6.84155916905231E-05
-0.000204876442685375
-0.000128728718825245
-8.70256630683688E-05
-0.0002166595197745
-0.00036478187833529
-0.000298601380434523
-0.000356880775408989
-0.000386448013042101
-0.000205255005701918
-6.23383455872882E-05
-0.000247218081827243
-0.000321391769324099
-0.000354105528118635
-0.000302494739020256
-0.000326156310843989
-0.000374599627549523
-0.000408466999118061
-0.000386302771503844
-0.000406665422490081
-0.000427135516392127
-0.000344804033731082
-0.000207316861324971
-0.000357985903947762
-0.000448671409704241
-0.000105630864208217
-1.93316677389698E-05
-9.67206974738443E-05
-0.000212513179588419
-0.000363394555091933
-0.000350176298008417
-0.000611367283213284
-0.000526079899650437
-0.000356136617659589
-0.00034934002003793
-0.000396092491424122
-0.000294312030838792
1.15529564543913E-05
-2.29071472687701E-05
-6.89280709480202E-05
-5.30280887252975E-05
-7.31950686592518E-05
-9.41651401240504E-05
-9.72162375127395E-05
-9.92262397516551E-05
-0.000193694755070358
-0.000199412954114608
-0.000459816729775632
-0.000500583912233085
-0.000303367617961065
-0.000236262305357261
-0.000575375769989842
-0.000625476868294772
-0.000824023377063292
-0.000904946656749003
-0.00107387814736723
-0.00089820449473423
-0.000913364279031484
-0.000821688193055524
-0.00114717635235815
-0.00118885979522102
-0.00136606170573995
-0.00143086050088592
-0.00173183386706733
-0.00154814458828983
-0.000942581075799251
-0.00117300774819634
-0.00127521403186585
-0.000981447295106977
-0.0003514381732777
-0.000473625643347174
-0.000458582158696095
-0.000364941744478106
-0.000598645805564119
-0.000718032424603305
-0.000727625302706069
-0.000581029226486818
-0.000543101756290444
-0.000722455073183353
-0.000710381273342431
-0.000505064129435349
-0.000340703465141451
-0.000415534804171607
-0.000380351569230818
-0.000329747506074303
-8.63241196002333E-05
-8.57647548435144E-05
-0.000124532761758829
-9.46818588550245E-05
-8.2712730880494E-05
-5.70218802264323E-05
-0.000133770160127447
-0.000148852419302872
-0.000216772950104545
-0.000180605098055646
-0.000178975531897523
-0.000259630048117219
-0.000221342724841877
-0.000228503721839427
-0.000347788044091801
-0.00042305330577254
-2.79815729936116E-05
-1.48644769589352E-06
-6.96297535773701E-06
-7.97385481747603E-05
4.15473530885619E-05
0.000101019364191355
0.000138778143834503
6.96108919186292E-05
2.4573396418293E-05
6.95154528521099E-05
2.28372074584529E-06
-2.57722091859341E-05
-0.000114124424498208
-3.76091694394105E-05
-6.19234800655373E-05
-0.000112410834441529
-9.12438086530472E-05
-5.2332921542458E-05
-3.99463611627627E-05
-6.85880352277808E-05
-3.07418122912946E-05
-1.85594161062596E-05
-3.79345394398022E-05
-3.43436395834372E-05
-3.68303673740783E-05
-5.40318595236578E-05
-7.85266284504035E-05
-3.22133886333906E-05
-4.66863229184242E-05
-2.77655785686238E-05
-1.42657885782202E-05
-2.6724824742536E-05
-0.00065197030845169
-0.000452264037386502
-0.000537938640697781
-0.000891735194124365
-0.00027547473284712
-0.0001576577154798
-0.000129510503625639
-0.000268498228268961
-0.000252118477439752
-0.000100175856277462
-7.30960240326612E-05
-0.000232054490091735
-0.00116290001227905
-0.000639046257702389
-0.000756714890789521
-0.00147180398242997
0.000164003343766741
0.000203201495880654
0.000216825841847353
0.000193874868326803
0.000225843312097446
0.000252529579830408
0.00019135209795941
0.000204421439625415
0.000157194456329494
0.000129922127129137
8.53845769149385E-05
9.14121629706356E-05
0.000111217858498661
0.000148394316722151
6.45745231845321E-05
3.26337812731425E-05
0.000277122817275271
0.000274914013764011
0.000210048208390006
0.000199345140824561
0.000184374433491835
3.66445044477954E-05
1.17241752527727E-05
0.000151092955730111
5.05015876497633E-05
-3.73429901478533E-05
-7.7194039959463E-05
-6.91500493612329E-05
9.07881470175286E-05
7.13973431883629E-05
-4.30610628429583E-05
2.71032226398788E-05
4.77627848428157E-06
-4.82421914185401E-05
-6.20774090237316E-05
-4.80324226206759E-05
-7.66001664064434E-05
-6.15278487297466E-05
-7.12801679093366E-05
-7.34633606456453E-05
-0.000123534071938077
-0.000129076379648959
-0.000197945217114073
-0.000178466382307453
-0.000111272587911836
-0.000117544494174299
-0.000169665357379813
-0.000163959438939663
-5.83222842370351E-06
5.81251189604808E-06
-3.52325474378771E-05
-3.65838279725137E-05
1.84000723279784E-05
2.62946226765766E-05
-4.32608354151358E-05
-3.97561247834259E-05
-9.06547717334991E-05
-0.000102114386578003
-0.00015794098682056
-0.000147670517628635
-6.56790480054592E-05
-7.72078350187466E-05
-0.000130289493214693
-0.000101160069911476
-0.00025634703159964
-0.00021031809354418
-0.00023536939905419
-0.000229403686805793
-0.000138101029802326
-8.9295652241893E-05
-0.000161510268038259
-0.000198093637176052
-0.000265244975107811
-0.000248927163076319
-0.000297534572356918
-0.000270629790765102
-0.000173597836484488
-0.000231451056406968
-0.000193945716219465
-0.000131826551318943
-6.43229393098218E-05
-4.11754446407944E-05
-9.44006209400802E-05
-0.000137143356540423
-1.95664482093734E-05
-5.16241875533365E-06
-8.61011103918372E-06
-4.05721553908509E-05
-7.49435028782223E-05
-1.72790563907454E-05
-4.79734325572127E-05
-0.000146335676178512
-0.000214906698599446
-0.000155831591278725
-0.0002292195659818
-0.0002787499022428
-0.000275039014497524
-0.000253503824056538
-0.000180892480143813
-0.00018880900802603
-0.000191695740838224
-7.32067854749046E-05
-5.34601121876064E-05
-0.000138952955345411
-6.10486296031383E-05
-2.53684047739653E-05
-1.79330967220896E-05
-2.77025388165134E-05
-7.73402880889682E-05
-7.43987876741746E-05
-9.18220339877176E-06
9.43915071152872E-06
-0.000101133130095021
-0.000150901528049222
-9.94017839915248E-05
-6.08145998658303E-05
-0.000212833896690764
-0.000259155580470816
-0.000166263429889755
-0.000134370867626534
-5.43349739662727E-05
-6.89287179846248E-05
2.57256131306189E-05
3.95316221667284E-05
-3.46314194602844E-06
-3.10843179902195E-05
5.26853756282316E-05
6.11717578796261E-05
-4.58537114140405E-08
-1.84065470155649E-05
-6.80011819379578E-05
2.52300268123889E-06
-3.53367185968051E-05
-2.31771360740349E-05
-8.98199679656048E-05
-0.000125148760610752
-0.0002073090717615
-0.00016579060047243
-0.00020354630018384
-0.00023236623493853
-1.90748694472834E-05
-0.000138980818027144
-0.000190890704408491
-7.64505827302366E-05
7.87242813809703E-07
7.35377828681244E-06
3.69295101873888E-05
-3.12836935731373E-06
3.1825269545735E-06
-1.25003199944377E-06
3.07777824462967E-06
2.58451920871999E-05
5.08960352582167E-05
1.32947077240158E-05
1.40474065747922E-06
2.64001350198521E-05
-5.20959231196208E-05
3.6849039098592E-05
-2.53868232855118E-05
-0.000123625969036442
-0.000159060555922073
-0.000100421347501873
-0.000139651979454928
-0.000166445736012368
-4.86172140402737E-05
-4.42447275100005E-05
-0.000124134542432822
-0.000129239505011328
-0.000188153426846498
-0.000195076502592569
-0.000238592332184569
-0.000217634785028403
-0.000158705360432537
-0.000176213644524231
-0.000182156291335038
-0.000101164052624842
-0.000111422597293361
-0.000190549287297906
-0.000139660674232101
-0.000102719461377114
-0.000221681781379926
-0.000204628355888085
-0.000189350264873361
-0.000175863520490366
-9.59602364189301E-05
-0.000129460908207218
-2.6349577981986E-05
-1.99431711784419E-05
-9.16019493380655E-05
-8.3093493584744E-05
-6.82006595665966E-05
-0.000119132835435089
0.000145807171966925
0.000160831991827875
0.000243417092124319
0.000218348341789525
0.000156336229020507
0.000129612700999665
0.000221666396011721
0.0002451877352339
0.000287458327191944
0.000292799490761418
0.000328455206578286
0.000303968902184106
0.000242605425668719
0.000270416737743349
0.000271416250957621
0.000232748955113712
8.62120749353902E-05
3.74135971569193E-05
0.000117134937274027
0.000176453539060127
-6.60593235316826E-06
-1.34457140341199E-05
5.16665066481014E-06
4.73965404909767E-05
0.000143425341170016
4.37484383861256E-05
7.00630990243493E-05
0.000203152567687713
0.000276927559027612
0.000230499738226165
0.000292547889308848
0.000329866807684809
0.000280259359182837
0.000235361689231647
0.000103338153936144
0.00014437580653346
0.000156087863409623
5.22716271462492E-05
1.16442862619776E-05
5.17329998762121E-05
-2.59970252511237E-05
-1.64661785139633E-05
-2.76302986661994E-05
-6.82231622690064E-05
8.58947063204243E-06
-9.37975691590746E-06
-8.37063980280079E-05
-8.67902720224494E-05
0.000204323376634332
0.000250838576409015
0.00015987724060192
0.000130068971216736
0.000281900001208391
0.000293942801272444
0.000169101067467171
0.0001743357175288
2.93849780810006E-05
2.2538241096612E-05
-8.14225525997554E-05
-6.98643559716273E-05
2.8941523621468E-05
3.03251455769972E-05
-5.24468154517654E-05
-3.19626758626671E-05
-2.89356017244017E-05
-1.98837121785967E-05
-6.91386535870674E-05
-9.10961684609398E-05
-6.28289642989038E-06
1.44970731512885E-06
1.53456396038212E-05
-1.52118663812436E-05
-3.65757730412887E-05
4.30655763424173E-05
6.11715849296464E-05
-0.000100409290268769
-0.000146540992433218
-0.000137177033138648
-0.000214251628290528
-0.000179618914403096
3.74099729593101E-06
4.95915343790782E-06
2.62540141855238E-05
2.1940278366238E-05
5.5735216199051E-06
5.23387392398788E-06
2.82906385421616E-05
2.86994518697125E-05
7.98571363196232E-05
6.10656095556705E-05
5.81662185473718E-05
0.000140775888161803
6.57826838585606E-05
7.51990578906117E-05
0.000157439273549287
0.00013856770544683
0.000199464389996533
0.000234383689041338
0.000219584247467208
0.000170115425535111
0.00015637613752756
1.42923788381755E-05
-3.10499725754442E-05
0.000105449020094383
-6.29153266058526E-07
-7.43358240369292E-05
-0.000143757662176676
-0.000144126044428719
3.97826180683612E-05
7.51639918317843E-05
-0.000124680959706799
-0.000113849779944118
-0.000185772317004216
-0.000271187419097862
-0.000291699134917443
-0.000173713822240073
-0.000194974785146235
2.98707111228063E-05
-5.24370659995272E-05
-0.000269058904959299
-0.00029120378950314
-0.000132140619073096
-0.000179580153918856
-0.000275324169684302
-0.000148887135743312
-0.000279303843339775
-0.000246969783786172
-0.0001165197006574
0
0
1.99822260771307E-06
-6.45205663349843E-06
0
0
-1.84445209834294E-05
-3.97250484139035E-06
1.80866384057885E-05
-3.16272256627511E-05
1.70047334798532E-05
9.48507913821154E-05
-2.3273791488541E-05
2.29798586457406E-05
6.5393547599351E-05
-5.52097726167214E-05
0
0
-9.82252508080185E-06
-1.91781926982245E-05
0
0
-1.47044320273211E-05
-7.14660636437496E-06
-1.55780256524111E-05
-4.05107634631043E-05
-6.94213896170981E-05
-3.52437981829365E-05
-4.78701214049503E-05
-2.4496980390827E-05
-4.12995156744588E-05
-4.58362189133992E-05
5.28238879150941E-06
-6.78420409667289E-05
-7.52062175375575E-05
0.000110760244761603
-9.51576413083518E-05
-0.000117185195943389
-0.00019167540223608
-0.00018041963233448
-0.000240434282185723
-0.000313075938786192
-0.00048054215158666
-0.000224578032851825
0.000223730919614098
-3.21268009637794E-05
5.9483639332256E-05
0.000260443335918857
-0.000108276233509119
0.000101088813976733
9.80121797175851E-05
-0.000174252759088366
0.000192670326328945
0.000124030019424677
0.000248014092315031
0.000257983052480625
0.000243157793419767
0.000321756375940557
0.000283951290651552
0.000140421462240427
-0.000228752084158195
3.36395456224582E-05
-7.07195908769312E-05
-0.00023116204415309
0
0
2.01358278953709E-05
1.46363198237975E-05
0
0
2.56854287591503E-06
1.21460286258192E-05
4.5498694693983E-05
1.979955395394E-05
6.08631943111306E-05
8.28945749763466E-05
4.69460354438468E-05
6.07037519284574E-05
8.75884510760242E-05
7.29735493763294E-05
0
0
-4.71255399757481E-06
-1.53396081503203E-06
0
0
-1.00941049760644E-05
-7.45501129474045E-06
-3.35637123495556E-05
-4.47775230730352E-05
-0.00011996099839905
-8.61121702348426E-05
9.53109929659719E-08
-1.73545416618166E-05
-2.40310041376135E-05
2.57084019433083E-05
7.23287744724804E-05
-3.15362757962409E-05
-5.49192120986422E-05
9.46679171245108E-05
-0.000165817779588736
-0.000227945298109693
-0.000323152794372719
-0.00023898371456276
-0.000267416104019015
-0.000351336456106023
-0.000274497606450543
-0.000246168279030321
5.81889398356367E-05
-0.000102199353590629
-0.000183274269445355
-3.62289614175103E-05
9.11489112169634E-05
0.000106225754172107
0.000129914210597523
0.00011018798419745
0.000114356008428039
0.000113029039894308
0.000148750124525659
0.00014364012405992
0.000166613237211732
0.00015257623368733
0.000124312042563744
0.000177241469334686
0.000128255787965482
0.00015071102773484
0.000163417774394941
0.000143195467268836
-0.000564996225650923
-0.000406228405307512
-0.00043266728304431
-0.000339853514862523
-0.000263521320334058
-0.000172171110123658
-0.000265754417321437
-0.000380818603437382
-0.000298752212412025
-0.000287024615267319
-0.000114610955220901
2.07462417801741E-05
6.28557221886298E-05
-0.000170116169850908
0.00020313719057985
0.000300872093060208
-0.000111365550138716
-6.49105605816324E-05
-7.95565237802109E-05
-0.00015658420861687
-2.16451998523538E-05
0
0
-2.44816279446605E-05
-2.90994707328822E-05
0
0
-3.06152095605971E-05
-0.000195552589469459
-0.000100117847069719
-9.6115866235707E-05
-0.000142710419207144
3.8846781719796E-05
-2.12908601775424E-05
9.67915863634133E-05
0.000232708110779355
-1.44072386810443E-05
0
0
1.91138340872154E-05
4.44756370734398E-05
0
0
3.70161252105233E-05
0.000277267374331623
0.000160667222613209
0.000110115436241432
0.000144799885646695
0.000247707238858026
0.00036018911622631
0.000270360378208069
9.00910060604962E-05
0.000317793806957146
0.000173861114154212
0.000358215851489584
0.000381587180406994
0.000233771074677334
0.000310293266020803
0.000111476995738382
4.47241482333179E-05
8.43310023136097E-06
0.000104617224628197
5.88497058799463E-06
2.39752598306049E-05
0
0
-2.62142979658072E-05
3.24606828973948E-06
0
0
-1.55249452396033E-05
-2.95755190536834E-05
-9.01540977682979E-05
-4.33186919704949E-05
-7.06682537881249E-05
-0.000135605154598696
-6.63482506391696E-06
-8.98975543792607E-05
-0.00014502718857965
-4.00558383789384E-05
0
0
-2.68010660227823E-06
-5.57664256223638E-06
0
0
5.03541166057533E-06
1.23287738025136E-07
2.05244760843268E-06
2.1244585680809E-05
4.56228213866319E-05
1.18427083305687E-05
-1.38728127216314E-05
-7.84289026126716E-06
-1.54554568047872E-05
-3.07596199115799E-05
-7.56584065148385E-05
-4.36058510410007E-05
-8.91769842925851E-05
-0.000140610285057018
1.86072258619485E-05
6.79876726323418E-05
8.29574646218859E-05
1.2174850778386E-05
2.0232467876234E-06
9.65847680157347E-05
0.000111673260254674
-2.05396445518361E-05
-0.000221912898493299
-0.000147616006706592
-0.000228249851754142
-0.000282411668497868
-6.37763550196072E-05
-0.000142704325403001
-6.83954486061175E-05
-4.44790816471864E-05
-0.000146657770230629
-0.000106783699295602
-0.000143494533523566
-0.000111722373809074
-4.05910443550493E-05
-0.000169432188263802
-0.000141402092034776
4.25539926346666E-05
1.88850677862801E-05
4.30991996150389E-05
0.000131750982843848
9.55308756317021E-05
-0.000609730333194862
-0.00056798129628758
-0.000546983362423282
-0.000605709467612904
-0.000472740966908549
-0.000246208300046547
-0.000306819881209269
-0.000462945124927241
-0.00047986476554027
-0.000412697285129582
-0.000693955792604525
-0.00084860525477344
-0.000674555965585534
-0.000573362331899212
-0.00107932955488343
-0.00133514996307939
2.62675257987274E-06
7.74605338952127E-05
-6.79309340100139E-05
-0.000127516948303656
-1.21727942763371E-05
-0.000147926893035084
-0.000137493470880244
-0.000115579893447605
-0.000204232839661969
-2.2533084236526E-05
0.000105923086987017
-0.000173506875387631
-0.000375543075912246
-0.000328833125617198
-0.000430637495555237
-0.000586033315178679
-0.00059124408257248
-0.000276980610025837
-0.000184188790002603
-0.000568173972432614
-2.48213499893529E-05
0.000168706001328406
0.00012840970346529
6.30468693697565E-05
-0.00019459215483544
-0.000172835339294639
-0.000617531476440937
-0.000596798375694001
-0.000395391858815843
-0.000299845800050561
-0.000347465309455314
6.80226999122289E-05
-0.00216494583722749
-0.00181590500035767
-0.00153213157315088
-0.00158836200919382
-0.0013932177567085
-0.000969155591394786
-0.00098478112085573
-0.00132888303281068
-0.000296755454248067
-0.000401059412101897
0.000511022608328899
0.000872952440464702
0.000114729446463205
-0.000109144273927987
0.00111790134450262
0.00127151526033011
-0.000345531809858278
-0.000485216808932268
-0.000560106233945503
-0.00037537432237415
-0.000471489340128852
-0.000349350394122822
-0.00046313784356614
-0.000642950621549456
-0.000599682107680361
-0.000395295929164114
-0.000201245341885336
-0.000405336745796734
-0.000414522132273331
-0.000588398756900236
-0.000557746560326666
-0.000457286586342159
-0.000174903636332476
2.85287093638679E-05
6.03099901266582E-05
-0.000153944069313828
0.000134300799621926
0.000149787945989758
0.00016419803184606
0.000141856484581009
0.000101004738941245
0.000168536000264593
4.69680707888333E-05
-0.000101510683665625
-0.000221635305430568
-5.94966745111433E-05
-0.000255996407282304
-0.000245939770786737
-0.000146854123784888
-0.000298239665006917
-0.000160392075906863
-4.42182468699727E-05
-0.000306754956213869
-0.000176823029133624
-0.000250071241262488
-0.000247571816726557
-7.80249897958926E-05
-0.000176304024857846
-0.000128145786930784
7.77812496239345E-06
1.04961527065738E-06
-1.61250883045386E-05
7.03219837000529E-05
2.85747964307011E-05
-0.000510216240965854
-0.000513304474740312
-0.00052539061839335
-0.000593260590482282
-0.000226205482947147
-3.62826817659118E-05
9.10441226239602E-06
-0.000184483792143324
-0.000269733916359749
-3.69313058715044E-05
-0.000139357891086394
-0.00039860764371206
-0.000658011829820124
-0.000582511900881711
-0.000591668826525
-0.000623525981471425
-0.000369813299734023
-0.000272078093760042
-0.0001852650405944
-0.000296229577801233
-0.000125184336206751
2.95307672337167E-05
0.000107762681499598
-5.47645931526685E-05
2.17613016763825E-05
0.00017777035197496
0.000221215752301695
6.96435668008666E-05
-0.000220766878363134
-0.000100601227604861
-5.31285493691709E-05
-0.000172972526669062
0.000128449951070885
0.000181064461567225
0.000221316354930832
0.000219367134909421
0.000197717562688074
0.000161936118757143
0.000181967705134471
0.000203269854944346
0.000190543453379027
0.000128900957966973
-1.62864687889336E-05
0.000142577389500722
0.000282435032151294
0.000250574337579689
0.00027658238101946
0.000324679682534018
0.000339684872855751
0.000240140930061655
2.95521953152379E-05
0.000242999765631127
-4.16942527095451E-05
-0.000243406432436479
-0.00030702215495615
-0.000250066382789562
-0.000168888111739319
-7.79189889682481E-05
0.000113003553193563
5.12505442876758E-05
-2.61659912210118E-06
-0.000163978839878685
-0.000108406545675296
-0.000184450246789698
-0.000166175691333384
-5.22767474473585E-05
-9.06659816092612E-05
-0.000206208073192845
7.1038161302134E-05
0.000220614170381135
0.000186790361178106
3.96806000955855E-05
-8.83831201875713E-06
9.86554395584894E-05
-0.000106350052126003
-0.000183335839151412
-0.000295410842776328
-0.000201617024097956
-0.000362384348716576
-0.000342337153631016
0.000999583714295029
0.000917872221023377
-0.000351176785975477
-0.000313098528599248
0.000784513418143207
0.0005634650851646
-0.000182750638942251
-0.000309157379963211
-0.000851553862027619
-0.000587196067359615
-0.000434341417029853
-0.000572491428339208
-0.00112751834828503
-0.00103646858338646
-0.000733783133611721
-0.000883492768109708
0.000243940457931947
-0.000132156154272862
0.000108934034641997
-1.18099356916438E-05
-0.000459614969895346
-0.000615783130656499
-0.000119679770758809
7.49234889587295E-05
0.000240267495229877
0.000246666995999345
0.000225522019641704
2.48698761093265E-05
-0.000270746237117872
3.85306474096372E-05
-0.000175088837263086
-0.000317238168951889
-0.000176823325268021
-0.000186202404229008
-4.76054568539046E-05
-2.3016958605564E-05
-0.00012244502240936
4.6232556028199E-05
-4.78830853066312E-05
-8.45574966540171E-05
3.41528439574689E-05
-7.80781386344606E-06
8.68910275167916E-05
0.000143991787347317
4.23311303099718E-05
7.16972709116743E-05
0.000136059901280506
6.31181417778434E-05
-0.000448009147869071
-0.000343114261974751
-0.000255738169930634
-0.00032645547437428
-0.000245357355852737
-0.000183397071534831
-8.27293811368346E-05
-0.000178017177701905
-0.000205837439377939
-7.55171301047164E-05
-4.33105482513908E-05
-0.000181066086245859
-0.000371625013158664
-0.00029816116478736
-0.00031310814280806
-0.000397615676620206
-0.00101606271410007
-0.000737524652424934
-0.000508033439910003
-0.000682736373234428
-0.000493770219215871
-0.000273766150392622
-0.000172956515220724
-0.000338106662024533
-0.000216148137296746
-0.000101270495156466
-6.67167969802898E-05
-0.00013080404689448
-0.00044281882578483
-0.000329935149700896
-0.000188582535518929
-0.000236567296903655
-0.000104024092957458
-2.96702887887083E-05
-2.13008564173602E-05
-4.78244747553501E-05
-8.50630733751268E-05
-0.000206589780007309
-0.00016780676709527
-8.1568282401645E-05
-8.21291565826167E-05
-0.000132982858418118
-0.000106142162557837
-6.9467581223027E-05
-2.18006064811217E-05
-2.45271322770852E-05
-2.79117613637509E-05
-2.24914694283321E-05
-3.52658959916102E-05
-3.10917916967623E-05
-3.39269500358447E-05
-4.6084548544849E-05
-4.96149571245643E-05
-7.60106435774159E-05
-3.77865096623244E-05
-2.9141078856516E-05
-6.94221136009717E-06
5.62870451646335E-06
5.51955223634151E-05
2.83164039172548E-05
-5.10507829324488E-05
-2.86094120647703E-05
-9.13887678164561E-06
-4.86630650510985E-05
-0.000108637828892629
-0.000101208014583057
-9.70509843533348E-05
-0.00014003450492855
-8.34443050711638E-05
-5.76212671649441E-05
-6.14712456761591E-05
-7.74084033409305E-05
-0.000113487217779065
-7.73642562498944E-05
-9.71691116042708E-05
-0.000168647483251734
-0.000292005971654249
-0.000179998079416595
-0.000287197103027348
-0.000421546095807337
-0.000216103009231267
-0.000272165595659474
-0.000329564850750779
-0.000285110593450195
-0.000320077884832074
-0.000360288938984894
-0.000397374820017203
-0.000366475087326858
-0.000421341670384637
-0.000435688372089271
-0.000469989621322366
-0.000481768177383566
-0.000373932304650642
-0.000399990181972436
-0.000478946474655669
-0.000469489841195436
-0.000390893865726006
-0.000375517675371243
-0.00039439334775484
-0.000420392273512156
-0.000290546710098605
-0.000188619541128092
-0.000110419907687471
-0.000256494765875014
-0.000233619690910278
-4.52830103247882E-05
-2.50626104431048E-05
-0.000193177978147512
-0.000435449587886796
-0.000394620536083438
-0.000355633404387081
-0.000432694625276072
-0.000416249591372631
-0.000291967345250292
-0.000211775745275252
-0.0003823514395421
-0.000124341243448585
-3.87714450217725E-05
-8.22720026192807E-05
-6.53369512288765E-05
-6.32488152699172E-05
-0.000154376654427053
-0.000209999489675076
-8.69231428104718E-05
-0.000306621951342521
-0.000125541951055732
-6.19981307169934E-05
-0.000196385494696876
-0.000589214453584027
-0.000580409251938717
-0.00074240631310024
-0.000903452728122047
-0.00055318066069482
-0.000500929917164292
-0.000524612133553608
-0.00063955784812994
-0.000695754464651539
-0.000499278576645759
-0.000397400169679417
-0.000642096655998325
-0.00133551328103699
-0.000925852571187546
-0.00093837461430112
-0.0013727719276166
-0.000223275773277243
-0.000207301394090479
-0.000213487018311824
-0.000211353503172548
-0.000158834280848395
-5.13493883445112E-05
-0.000113738717369522
-0.000194575251358726
-0.000215697524486373
-0.00017468336000172
-0.000223624672248869
-0.000233805421221264
-0.000207479337217667
-0.00021923021898769
-0.000227958033526904
-0.000207472022711896
2.77394597836945E-05
9.36412929624844E-06
-6.4863128743343E-05
-3.70623986211439E-05
-3.51990224667143E-05
-7.68861007428929E-05
-0.000199358594647336
-0.000135710643637491
-0.000208287019772451
-0.000246116396413779
-0.000217090161113279
-0.000244375760672756
-0.000134188732088269
-0.000158960329658948
-0.000235209969962089
-0.00021645460109682
-0.000265199311291506
-0.00029481381385596
-0.000329981938520373
-0.000296090358255497
-0.000301922698564417
-0.000236412763748278
-0.000281339779872154
-0.000348597535537619
-0.000353272355585495
-0.000278924831786063
-0.000243814245590948
-0.000330246840907395
-0.000323776361621963
-0.000348708699695659
-0.000362318455150725
-0.000355908799149637
-0.000207870733478208
-0.000236874316374592
-0.000240856444830771
-0.0002038411865954
-0.000252373588143149
-0.00025681173885152
-0.000282505662712008
-0.000266571878625987
-0.000276127903001853
-0.000305844064075069
-0.000329975145852586
-0.000290042931399466
-0.000192817986148649
-0.000238238478636081
-0.000242442596539506
-0.000180603929136824
-0.000509637332843383
-0.000341620822827427
-0.000324665935091073
-0.000507540385766597
-0.000197754552211776
-0.000101524235882699
-8.08299900261056E-05
-0.000186755991244772
-0.000149956517695561
-3.74135237865777E-05
1.4099206662123E-05
-9.71238500142197E-05
-0.000430070098220138
-0.000278224608173598
-0.000227575140441545
-0.000358000813797052
-2.72343596070606E-05
2.99346555116261E-05
7.36509098859435E-05
7.04101844170236E-06
8.02761596075366E-05
0.00012098231995576
0.00017866257713969
0.000129726392393187
0.000163408052530934
0.000206019134530378
0.000194254060838699
0.000160267118177046
4.9384644356749E-05
0.000112589282624039
0.000130935543228114
8.79407986160536E-05
9.93652636916775E-05
0.000116278243553342
9.47534535795939E-05
9.21029127443998E-05
0.000129180788712008
0.000158748200907577
0.000104344016419267
9.4668679905391E-05
6.01461747721149E-05
3.91758137969777E-05
-3.41515494919066E-06
2.56074833239353E-05
8.38989311451074E-05
7.91321527163984E-05
5.15722276546952E-05
6.36969079938196E-05
-0.000312045072244164
-0.000179055191381759
-0.00014901094794972
-0.000274866502142734
-4.75428265199978E-05
5.23373672615238E-05
6.04915896540652E-05
-2.79944210854711E-05
-5.24419208971638E-05
4.3883820706205E-05
6.33551583978455E-06
-0.000105710342551159
-0.000248953682066477
-0.00015537508608266
-0.000186351220399848
-0.000233501978358769
0.000343487357100333
0.000372585398223941
0.000396729399411518
0.000326858834397165
0.000282685122386055
0.00013742254046915
0.00034023356666085
0.000401994622237373
0.000440232569482388
0.000501276283239044
0.000594735648201792
0.000432304664796757
0.000253474030725644
0.000338063844837769
0.000270156821077835
0.000188853145093452
2.88220128766622E-05
3.53207966592015E-07
0.000155500464556035
0.000245616026783035
4.07541735584019E-05
8.55066337404354E-05
8.25221197711308E-05
0.000100624117763968
0.00019877460509286
7.95888107049016E-05
0.000103510714176965
0.000296925931713723
0.000467039939615214
0.0003483320299069
0.0005158536617685
0.00063823109862003
0.000728048148253852
0.000624272262630421
0.000601544370637712
0.000680093886439164
0.000369980729210759
0.000158652905987652
0.000254551368287684
0.000394833655868064
0.00042102248747319
0.00039146860845935
0.000511650841862289
0.000498180144642021
0.000549525131108078
0.000505540992470341
0.000482141015222142
0.00047378918267613
0.00016620009832777
0.000234195409125668
0.000246720779019749
0.000197137985586
0.000413153006032467
0.000623467691192362
0.000574767058306422
0.00038971503940913
0.000380936761114049
0.000490662174259988
0.00043843360498987
0.000386586942297114
0.000249619062646315
0.000304785887096155
0.000331681551831731
0.000190707842108878
-0.000621935546337607
-0.000674008331972392
-0.000795937976111814
-0.000591647115694856
-0.000642939785763801
-0.000603560999900141
-0.00106745421591548
-0.000982081000970926
-0.0011906692280207
-0.00129285430387132
-0.00126004437234392
-0.001198798816197
-0.000595072975459736
-0.000903379965760308
-0.000940206912008436
-0.000618308791847333
-0.000644523943152681
-0.000764269853604428
-0.000880312511016925
-0.00102087517319753
-0.000881065600911832
-0.000946769460088597
-0.000637851792472432
-0.000729844726385531
-0.000561670287681502
-0.000358504013172543
-0.000147620062577184
-0.000420584495896515
-0.00114861587390337
-0.000853864701638916
-0.000773817348583892
-0.00109435988874563
-0.000918283295876427
-0.000629600910047633
-0.000437085320206434
-0.000664250224280301
-0.000308126195706105
-4.23716342715019E-05
-2.01399763896425E-05
-0.000213145318338514
-0.000121543024741713
-2.24907551038949E-05
-6.38197131267969E-06
-4.5180808381979E-05
-0.000404655342592542
-0.000242148304664073
-0.000100346746739897
-0.000199304890251019
-0.000628364630724292
-0.000893121196056878
-0.000812316595196812
-0.000615947126651885
-0.00107137744249699
-0.00108272914115786
-0.000843842552278014
-0.000904157612298523
-0.000731187980325617
-0.000593267735120577
-0.000357242777383207
-0.000531597875821603
-0.000592185554929044
-0.00072934576109176
-0.000618319237318118
-0.000558110327918814
-6.40013462005163E-05
-0.000282232981113497
-8.44738120257463E-05
8.74977965596281E-05
-0.000392527139040233
-0.000397798013073626
-0.000188461993737035
-0.000174336511018759
-1.51908989746312E-05
-6.15101943336402E-05
-8.96167842429252E-07
6.68125006391596E-05
0.000147579517867309
6.55750108073605E-05
0.000132679077604074
0.000155975744290184
-0.000357107144368203
-0.000350811085400414
-0.000225480245863334
-0.000187175225118311
-0.000408546410888417
-0.00051150783703283
-0.000429969343245269
-0.000311785087002647
-0.00024194623051749
-0.000375053840577634
-0.000365163045953254
-0.000217024852426949
-9.74146554258504E-05
-0.000153969577000589
-0.000128382979590096
-6.16312554224022E-05
-6.29602103657245E-05
-0.000135085415580145
-0.00016895740200565
-0.000103216951971591
-0.000231227306109879
-0.000387982620251557
-0.000410035285625917
-0.000262284234096515
-0.000295751491123425
-0.000419663502380915
-0.000429098067420747
-0.00033882445845096
-0.000184788904473119
-0.000226043317948088
-0.000305084610646499
-0.000295174740216934
0.000158005805279045
0.000132361317096078
9.82733562841828E-05
0.000175115061154345
7.39819089388755E-05
4.40226093479802E-06
-4.6000359528438E-05
1.92098608989143E-05
-6.82776416897963E-05
-0.000143796604225237
-0.000263323007808524
-0.000163958207360901
0.000200666417721657
5.66913293002347E-05
1.07617387946538E-05
0.000202253193817372
3.8546907195114E-05
7.52278614394641E-05
0.000138204553605318
5.34125611585611E-05
0.000118578412025774
0.00010943441078965
0.000169861765002589
0.000188808554236345
0.000208836618492249
0.000182155660673908
0.000182219771362109
0.000192271489368901
3.59499937920544E-05
0.000156022592941632
0.000124228778670332
8.76307000685187E-07
-1.40417811540784E-05
-0.000270105289566548
-0.000221743401008931
4.20701873267114E-05
-0.000624751237058268
-0.00101542610130226
-0.00104505631183572
-0.000605739837340782
-0.00055086598528748
-0.00097439412089105
-0.000809911991418437
-0.000446882663264366
6.1855557963359E-05
-0.00018510356280696
-0.000126602208089834
8.59409062363604E-05
0.000131227617910057
-2.64029794206418E-05
0.000123846667332266
0.00017770396312341
-0.000296934126438703
-0.000601740341907532
-0.000379262401670047
-9.01805011098871E-05
0.000199644990438967
-0.000108641266886857
0.000268660203339689
0.000395772086687759
0.000165574017778444
0.00025937583292495
0.000260629467908373
0.000112436935522118
-1.52889763586368E-05
6.73489246070774E-05
2.65142794634306E-05
4.92797942687008E-06
0.000142323778663555
0.000174458977369802
0.000137018070331514
7.14573628200865E-05
1.80634857529814E-05
6.46111366053269E-05
2.4225899795909E-05
1.65960145521727E-05
4.52262746552523E-05
2.6226258130307E-05
5.55881336119376E-05
7.9753973458002E-05
