0.0149349139015091
0.0146769921443414
0.0149124018670747
0.0151840170498215
0.0160788237734444
0.0142172193144848
0.014287537329963
0.0160416286326561
0.0155335540125714
0.0152631440735978
0.0157024407928916
0.0158489480774474
0.0160237040775088
0.0144244606173534
0.0144209189832613
0.0157380151768657
0.0203060320523071
0.0194171204503385
0.0190345207808984
0.0199371639631909
0.0191510809676782
0.0190215021386328
0.0187547775559925
0.0190222896486854
0.0203403665839995
0.0194522315547492
0.0194358877922095
0.0203230809433216
0.0190300285041231
0.0190294213834045
0.0190153650821932
0.0190688387771287
0.0162107163777075
0.016343928139207
0.0173533569026996
0.0168046711055902
0.0152888840549462
0.0143645286261211
0.0144825342760207
0.0149537003390169
0.0179626274837085
0.0190112022678435
0.021004607408058
0.0197434805867839
0.0149946619182072
0.0150650443614697
0.0163948814511844
0.0159388860708046
0.0182984128936917
0.0174472716475882
0.018128552783816
0.0189043457221768
0.0184890733956407
0.0176420908821093
0.0182994836100036
0.0192357339509644
0.0193130520753618
0.0183910140637978
0.0177838867635477
0.0187061739764467
0.0187580158728357
0.0183019409968516
0.0178888068874281
0.0185503744063933
0.0203638965425259
0.0203442651511286
0.0204138654185001
0.0207786641543203
0.018348850965211
0.0190938842728865
0.0198051443564442
0.0192924276917586
0.0213447916219651
0.0206273070561849
0.0215333810639935
0.0224049571260417
0.0203324163161134
0.0206559892049197
0.0217960639563145
0.0215240461004665
0.0190314664019855
0.0200873965650176
0.0213001846964218
0.0202849825899641
0.0187751167968878
0.0180992880083368
0.0195522023010543
0.0148845066344885
0.0167041048732494
0.0178766387165411
0.0189755008842065
0.0178907267133895
0.0147456490364156
0.0152807600592133
0.0166532308589379
0.0165664282634585
0.0191601118785376
0.0199088637822092
0.020056615396896
0.0194059160953601
0.0157733568751888
0.0172191390630438
0.0175424900731057
0.016199740601711
0.0197638920430009
0.020279110820277
0.0203540774492576
0.0200659571967089
0.0168128190375656
0.0180142343901662
0.0185173283674785
0.0175186123688191
0.0144627053257076
0.0159222568742151
0.0168248550850676
0.0155087400908793
0.0120400076633672
0.0128770757721336
0.0140041420060967
0.0133186113782756
0.0129183700300918
0.0146034705060459
0.015148120640614
0.0135588707717121
0.0101377593468099
0.0112265037214555
0.0119095988473469
0.0109406964170624
0.0130671888428286
0.0143755842606428
0.014416286743053
0.0130428277412304
0.0116077463069408
0.0120936536490799
0.011989813099009
0.01142637178496
0.0190078867352869
0.0203956415354849
0.0205449874420289
0.0191888596068054
0.0156330581581061
0.0171733464590178
0.0172760592914388
0.0156926573792488
0.0192436346904754
0.0205262925341697
0.0203582649546074
0.0191901917951991
0.0156470668117613
0.0172574704389698
0.0171604218571963
0.0155460598068011
0.0129374030185247
0.0143710558442516
0.0142756183293081
0.0127659363945449
0.0111849345532155
0.0118094824027425
0.0115233996218225
0.0107792485168791
0.023853227894438
0.0245659515124737
0.0240312135865568
0.0238434687420367
0.0211669904680046
0.0220513645396398
0.0219891708103831
0.0211418008185408
0.0315164579777646
0.0429625558061755
0.0272239011039276
0.0275451590912139
0.0254093734080979
0.0285776418339258
0.0250152553733381
0.0232189764297524
0.0218732594978785
0.0213992340225808
0.0181557315595065
0.018664303162796
0.0207124421882089
0.0205322315995148
0.0179612611064811
0.0191936845967188
0.0234612119059956
0.0231497852184458
0.0222073495089522
0.0227265894168027
0.0208581369084955
0.0216229343415801
0.020980691195835
0.0203665379492071
0.0216740535550658
0.0210144044192237
0.0202053844219023
0.0209781333734512
0.0197353879103238
0.020122004281598
0.0195599265781167
0.0193411194298668
0.0168565229989665
0.0164961374496576
0.015389214078336
0.0156731227862609
0.0179039411925452
0.016297100970304
0.0151871952012382
0.0170044675703461
0.0150193945721371
0.0147701938630491
0.0145492236555231
0.0147960576681256
0.0164205438294854
0.01451794281663
0.0142180780555424
0.0161307384022742
0.0205409846033831
0.0196936223515637
0.0194612706131046
0.020348298444885
0.0191025615974068
0.0192053349902054
0.0190484912085101
0.0190152034349888
0.0125635336648356
0.0141525310214508
0.0140922029617995
0.0124240795226072
0.0103252948088164
0.0111978225835382
0.010923845783049
0.00990876476882353
0.0190260537221643
0.0200549798767472
0.0198856134866416
0.0189507252109115
0.0154147306524933
0.0170017847928596
0.0169309323641314
0.0153612239832354
0.0189274268807768
0.0197972328099692
0.0198122570984293
0.0189993306841909
0.0153650182233454
0.016916569306083
0.01701367799547
0.0155016017222055
0.0123553936113306
0.0140899315323121
0.0142564191866523
0.0125159711219892
0.00957183345637916
0.0107190690347955
0.01082059265645
0.00966361380953873
0.012112945489028
0.0129658435601222
0.0131512061396584
0.012334920163582
0.0125185372211666
0.0114300179487269
0.0117957206713968
0.0129517142432049
0.0128109922986538
0.013661074223818
0.014563797253005
0.0135898976177125
0.0135350528652925
0.0123570141785036
0.0131485731774249
0.014287765504112
0.0163922047001205
0.0159162700686443
0.0166286958860594
0.0170378884586848
0.0153160398170232
0.0152837656309611
0.015842145586474
0.0157385264114402
0.0154402519948298
0.0149077636583358
0.0153524255115405
0.0158727741154712
0.0145637578493493
0.0144140642309063
0.0148209986079587
0.0149352049947285
0.0147399268723572
0.0159208451088727
0.0186000718560149
0.0168128923288394
0.0152781461125856
0.0142521110617557
0.01591271391418
0.0163717116101811
0.020635401687164
0.0234609187565188
0.0367937130841168
0.0235669443438088
0.0181546593702785
0.018926305141562
0.0215438726925632
0.0199039657839697
0.01889348486598
0.0189670386538265
0.0196502461684649
0.01923123085965
0.0169748325294026
0.017540644850645
0.017857739289173
0.0172039879351181
0.0179152225233902
0.017575619552951
0.0182838036564344
0.0185231178274843
0.0162909524721646
0.0165969406980662
0.017170963296874
0.0167127141940778
0.0159882023664311
0.0167231040239235
0.0169088125232799
0.0160996224489539
0.013171401569352
0.0143672470632919
0.0145156919778902
0.0133248877195036
0.0161215420887855
0.016976432237223
0.017057343921127
0.0161500656415592
0.0134226266283006
0.0145947932389449
0.0146430043666627
0.0134681177126088
0.0114644756780997
0.0125487469359818
0.0125757315844823
0.0114976655666029
0.00974430178748987
0.010451636429665
0.0105079093761907
0.00981326256123086
0.0111527625019752
0.0123044331007791
0.0124557826586193
0.0113467240537287
0.00926068388404047
0.0100437855975123
0.0102989386805884
0.00957416104773613
0.0150037337005492
0.0155138361121644
0.015849087826812
0.0153053581875605
0.0123192454332885
0.0134325331141225
0.0136961190413658
0.0125389606538621
0.0155621767145851
0.0161439424803676
0.0164126730470104
0.0157725500387051
0.0127705163580741
0.0139413355190466
0.0141511886822679
0.0129708886609003
0.010627122108005
0.0118852742634644
0.0120998543749021
0.0108913234250365
0.00837788354630396
0.00936899447497096
0.00970478689113371
0.00882909009081238
0.0102009873762045
0.0114524194088566
0.0116408569286314
0.0103497154298615
0.00771506700637553
0.00890161270433602
0.00902949143370793
0.00790098441665377
0.0156462351482581
0.016431818897473
0.0152913156673222
0.0146592097891912
0.0110165136263979
0.0147624198949221
0.0137870016372693
0.0138875028474356
0.0166221266239224
0.0159587096104298
0.0149479373950651
0.0155148784750894
0.0163136660636205
0.016279517321382
0.0151378769541964
0.0151566576149628
0.0144346518432917
0.0140176655392002
0.0136407552869189
0.0138428697640326
0.013878888865927
0.01394523866705
0.013156930064541
0.0129237045881303
0.0135937107479349
0.014004422837085
0.0129326266682307
0.0125526645445309
0.0126582526766894
0.0129096452296878
0.0119300614018917
0.0114132115989777
0.0152139890845032
0.0153343046744724
0.0140293000358307
0.0141133423246975
0.0143286496408194
0.014006816374083
0.013073773319028
0.0134206319089815
0.0184278975797427
0.0203334074020168
0.0183213792706028
0.0164888517526054
0.0142518359829751
0.0152018274851016
0.0134378944000744
0.0127107050630769
0.0144154208741528
0.0162470672750073
0.0148988399572742
0.0131636452311933
0.0112310277410547
0.0116821927860598
0.0108432749366609
0.0107526834656437
0.0130308996089482
0.0127374698527066
0.0124547079348445
0.0128316333784238
0.0125954006910852
0.0121943396552298
0.0120109614218517
0.0123648772901066
0.0133107300902301
0.0129084045940621
0.0135100544284739
0.0139364069679451
0.0126527970601666
0.0123989603705934
0.0129455398101627
0.0131263422509619
0.0125649740671265
0.0140908664639926
0.0136052570452586
0.0122999224471629
0.0109886442831711
0.0106960194268829
0.0108189100544004
0.0114093482491412
0.0121743976907235
0.0132844871384813
0.0130775966239874
0.01211929931433
0.0118208937174156
0.0110126761601713
0.0112230775421773
0.0121956289772561
0.014529503207377
0.0140617177083828
0.0145323636310308
0.0150359076380508
0.0136589760765685
0.0135053269549218
0.0140003095908639
0.0141444603582644
0.0115608647442452
0.0120748101269419
0.0115601310101632
0.0108465322145202
0.0102079882291279
0.0108959495822012
0.0100414664547991
0.0091856077279647
0.0137161828717624
0.0137703631465327
0.0141396025848849
0.0138838570841239
0.0122858421264593
0.0127626021854585
0.0126936602212427
0.0119908608153351
0.014244545991999
0.0146297672499823
0.0150956123159453
0.0146268390458493
0.0119762616097643
0.0128715569736579
0.0131278111906874
0.0120963957133145
0.0103855831458058
0.011339308260392
0.0113149665564359
0.01018325757725
0.00829277130429664
0.00935393938882854
0.00899157823224039
0.00783050416901525
0.0329033330425589
0.0362628346765642
0.0333158083080363
0.0300727518720456
0.0187014884049195
0.028471050053555
0.0257068621681001
0.0223909995848958
0.0424760016270656
0.0424615783220946
0.0398842452489844
0.039636248487364
0.0379213102956523
0.0397530949773922
0.036878771316605
0.035003531602583
0.0368741986363215
0.0376240471385336
0.0353554805291441
0.0341609596085106
0.0317880027542133
0.0338699988263972
0.0309704657265169
0.0286974705410527
0.0270240820069216
0.0300140175070907
0.0267953028320431
0.0239841387825062
0.0197241914714244
0.0230171897215309
0.0203961501357579
0.0172694088121268
0.0414654501387008
0.0409410678603285
0.0389284828110356
0.0393968181645817
0.0393478514269339
0.0387975933290633
0.0368153622982231
0.0371978083674491
0.0446226062507632
0.0467591126117051
0.043648315117837
0.0417031842404062
0.0369162726383238
0.0379122895540984
0.0356836059750655
0.0350374470430324
0.038925266808551
0.0406518849602158
0.0383267034256549
0.0367237155759738
0.0338426389752483
0.033891961920876
0.0325796514184937
0.0329467378161898
0.0381062932994835
0.0376997529264257
0.0365867262446768
0.0368400061946383
0.0355712773719578
0.0355011323917611
0.0341897064026627
0.0339301486656828
0.0350230461452705
0.0349073813962851
0.0332509205465997
0.0332922487112633
0.0319594644337398
0.0324424225329638
0.0308407381479417
0.0302258671277736
0.0344860628147637
0.0360113759829861
0.0336722234612628
0.0323134910783125
0.0316231656706126
0.0310626765324187
0.0295496834113535
0.0302703646127566
0.0300844573336197
0.0312321325107079
0.0286930694061072
0.0277774599739938
0.0287351486609477
0.0278980312902105
0.0261120614333525
0.0270500943407816
0.0314637716575931
0.0314462175881186
0.0295333803500191
0.0295621335202358
0.0285338047063844
0.0291951199080155
0.0275016925693251
0.0268538597750199
0.0210652835256054
0.023738550364018
0.021332132788641
0.0187048404182661
0.0151788940109594
0.0179699948672702
0.0158935509976908
0.0132329111177799
0.0314145336425554
0.0328897527047229
0.0307988730775626
0.0291598638724762
0.0257694743662102
0.0281686530430663
0.0259321139500437
0.0234626003518747
0.0271903702180178
0.0288790596356379
0.0270733031668293
0.0254305676440424
0.0215883293368169
0.0240598402121984
0.0224735590383429
0.0200864023415636
0.0168007307621763
0.0194073010500035
0.0179541561044382
0.0154244364117993
0.0116435961202287
0.01419141160234
0.0130153726716938
0.0107518974888611
0.0253646915082789
0.0260532473571014
0.0241954374440196
0.0236375484381214
0.025148222681705
0.0241559890740143
0.0227090475843958
0.023650287182213
0.0225970487057498
0.0231058079753271
0.0228384789809665
0.0223058171350725
0.022617784417171
0.0218147261596156
0.0215384111101735
0.0221117698770683
0.0244415640865542
0.0244545279774998
0.0237591004913493
0.0236607209396389
0.0222005857672548
0.0228175851294145
0.0220195463342108
0.0213080146390291
0.0274797418284089
0.0274181099475753
0.025702478694116
0.0257472176958451
0.0250544738219882
0.0256472830905046
0.0240597239269563
0.0234836459909384
0.0228200694007117
0.0234308801938961
0.0257501564499175
0.0247275584391713
0.0221787779412443
0.0219553966071893
0.0232864696344776
0.0226065566296539
0.0288995427927386
0.0306402856683942
0.0444341823384347
0.0316926644485437
0.0240212700978727
0.0263817463688492
0.0288004293153852
0.025456284746288
0.0233325877162909
0.0238771947001362
0.024295016480436
0.0234805096220346
0.0206507545709455
0.0215731137254826
0.0217372219514621
0.020840903425795
0.0234632754846613
0.0236635211433882
0.0236484371056156
0.0233631253314917
0.0208636666221477
0.0217208832894165
0.0215853763301802
0.0206566651769504
0.0191638763870502
0.0204679192420159
0.0200596021747148
0.0187372189244002
0.0155896767555447
0.01719709710286
0.0168847540222898
0.0153614112074536
0.0185847572285901
0.0199203026505583
0.0200382549843563
0.0186768303779918
0.0153322224449787
0.0168092123621872
0.0169118836882737
0.0154296895929098
0.0129147603389106
0.0141412749639406
0.0142216997367318
0.0129832209237737
0.0116292345304365
0.0120158191136808
0.0120800623591455
0.0116714781388014
0.012877867375827
0.0142924918814854
0.0141439381030506
0.0128650493022601
0.0112048534387073
0.0117639450188648
0.0119027116130478
0.0114763489026104
0.0236838120172485
0.02521378114809
0.0235798798169558
0.0221613045123722
0.0187307370094974
0.0209612400536875
0.0196678559745894
0.0176132787587086
0.0208606465344622
0.022191896314812
0.0211384982700166
0.0198460708950267
0.0167112482282867
0.0185833531896127
0.0177440084228793
0.0160236292017478
0.013215686695599
0.0151017073212573
0.014592882253427
0.0129663303715645
0.0104848991933872
0.0115889161619439
0.0116249083802235
0.0108425193358667
0.0143427082917745
0.0167320470450321
0.0157953760497356
0.013631103108741
0.0102073127991338
0.0121280623464874
0.0116921252688812
0.0101843512505738
0.0120341808414283
0.0134983295367221
0.0134408985812407
0.0119513107314165
0.00985036696688486
0.010774597516957
0.0106496675132653
0.00968711086589285
0.0182804982268476
0.019722644184743
0.0196781164216277
0.0182578626228367
0.0148746568386915
0.0164578902705605
0.0164085646859364
0.0148148482031159
0.0184760404551608
0.0198768245162874
0.0203374701264299
0.0189636921662636
0.0149038038643973
0.0165470776938881
0.0169254597327926
0.0152037233422172
0.0119279779035908
0.0134970741780107
0.0137207344312947
0.0119991786961231
0.00949854358281219
0.0105314841116768
0.0104124550523979
0.00920702068191456
0.0235301877810307
0.0238707625442578
0.0236884473284617
0.0234383651474077
0.0206375496236988
0.0217820408035672
0.0216406414746612
0.0205127683863133
0.0322718746006926
0.0451820490164819
0.0308983248924999
0.0293378871671977
0.0252312343475549
0.0292145582511409
0.0266403275834637
0.0238919432507152
0.0249276941636997
0.0258643213888113
0.0234963915499037
0.0229512319911019
0.0225739777729961
0.0234062457394413
0.0220649660204416
0.0222411659834824
0.023445395591086
0.0235989469144067
0.023704891170279
0.0235348589660653
0.0205619473122132
0.0216313065745707
0.0217574223385991
0.0208083303078129
0.0237373339236086
0.0238534644916267
0.0246789664738867
0.0246461390045211
0.0213049009428044
0.0220713983885419
0.0230074026955816
0.0223575692605116
0.0224217782931724
0.0228867202338163
0.0231569019783244
0.0227489893009546
0.0222361201603786
0.02167039341517
0.0220245703179505
0.0228484015427156
0.0238628134128428
0.0242607020921087
0.0261365905541784
0.0256911731854121
0.0240347855567113
0.0230408707198606
0.0246556461149235
0.0257515005013686
0.0261867215530349
0.026135579430934
0.0281614964043829
0.028276196078712
0.0239059961289326
0.0244955769086452
0.0264518442448099
0.0258696911164507
0.0121985949616456
0.0141378431035382
0.0148431236600784
0.0126376151681816
0.00890041782977457
0.0103461158976554
0.0104615548724711
0.00871705191547113
0.0197259318408588
0.0210754046355983
0.0223028452997886
0.0209225273523201
0.0157423713100945
0.0175641033601711
0.0185885573557
0.0166195006497744
0.0225212054969924
0.023978341313671
0.0260403271386934
0.0244817824242984
0.0178163717363125
0.0199696904983653
0.0216871089846303
0.0193419568558153
0.0133297953286834
0.0158346597804073
0.017166579035167
0.0143937621133242
0.00868362847165309
0.0107799616609657
0.0115130171750172
0.00911250489952979
0.028203926020532
0.0287842244278574
0.0312774444221294
0.0304943207775368
0.0279155370572268
0.0268000216945302
0.0286357348117282
0.0297087986806182
0.0325215919526063
0.0335900093243009
0.0356468841841063
0.0341271263768921
0.0311061326487512
0.0301212010913674
0.0310341669174465
0.0318098772730775
0.0347696766896568
0.0345227087262396
0.0354728419482302
0.0357788408428572
0.0317914256122323
0.0323659324055939
0.033272921179885
0.0327950883761189
0.0308085453238387
0.0306631992083203
0.032794084129683
0.0329837205789372
0.0281563579731135
0.028768742317516
0.0307488041578121
0.0301373532186162
0.0353237877024385
0.0374789021118783
0.0391690593415332
0.0361369525520501
0.0318029722554782
0.0313853814725533
0.0311411802517245
0.0309223457958113
0.0373568520295228
0.0414766338399731
0.0443283188517921
0.0395814048245692
0.0298566094613221
0.0310675698512247
0.032274751026839
0.0303282319982178
0.0332467795008131
0.0329980142136275
0.0331328208229815
0.0332643072568498
0.0311900407158481
0.0309920925693662
0.0310283725400158
0.0313801307504765
0.0359473597833635
0.0355867897213292
0.0345705881704818
0.0349538703565785
0.0331053821173103
0.0334232996215647
0.032549490389754
0.0324901048101744
0.0330609197930534
0.0343455016470404
0.0341737659747569
0.0333550042355053
0.0274979499560571
0.0298585317993466
0.0305343117332206
0.0285401190200751
0.0330751465598208
0.0333180259001869
0.0338247530155163
0.0338862103016186
0.0292728365126342
0.0307935447696136
0.0318117454656177
0.030479007877651
0.0257278941127963
0.0279791870029659
0.0293497106115593
0.027255251302454
0.0211414317631184
0.0231168726492709
0.0249804135045597
0.0173156133323451
0.0227307849714323
0.0255023629332527
0.0268709309122305
0.0243514809797231
0.0166724423968671
0.0195488160500029
0.0214084498972921
0.0188535566571187
0.0267649891625442
0.0284281461172072
0.0305577814739316
0.0288475027556409
0.0211812078153072
0.0237116949912961
0.0255955538236532
0.0229509433220342
0.0307233289780427
0.0324143888363207
0.0336936349187092
0.0321414513155752
0.0246616023590305
0.0273426825150749
0.0287711201395843
0.0261828792827521
0.0191600549177954
0.0222666037004634
0.0239283078922018
0.0209369599817458
0.0128117188694139
0.0157818671190814
0.0176120251602114
0.0146401744668584
0.0158489965855366
0.0188428750610703
0.0205379986852916
0.017432244004587
0.00998513344475428
0.0126814453263413
0.0140984681213436
0.0112149241094629
0.011888237507592
0.0128515822410575
0.0127741336623336
0.0117182778723813
0.0113187197854656
0.0107372486533254
0.0103437830972584
0.0107411849042558
0.0117537460486571
0.0128934648006753
0.0132283775114575
0.0120416639956612
0.010310518928004
0.010129203147943
0.0101504448529134
0.0100845222245739
0.0121073487682759
0.011784661918371
0.0114172500437951
0.0117251088999889
0.0116924106747217
0.0114190722549194
0.0111053164038245
0.0114621821853993
0.0133911608060519
0.0130488602001445
0.0123480408717811
0.0126816216955314
0.0126932997173055
0.0125561839443551
0.0119198637547976
0.0121192984876778
0.0126731762801364
0.0138559824536993
0.0149353464179881
0.0137732628905473
0.0101870296612136
0.0105116768325143
0.0113483310991663
0.0108001540463359
0.0153622077279651
0.0165304794209773
0.0178922173529158
0.0166262570571519
0.0119605126126884
0.0126919312808065
0.0138138955248443
0.0129386006613586
0.0128312674697774
0.0128684962514404
0.0137067181408066
0.0135484117223126
0.0123861148328952
0.0119999287493579
0.0126285387758757
0.0130166867997977
0.0116430436861661
0.0113750440766528
0.0118525867830812
0.0120118659748007
0.0114846727107309
0.0110558780596345
0.0113592910914669
0.0118006746350298
0.0131161975862719
0.0127353158289714
0.0131551925141488
0.0136878836959271
0.0126531847798298
0.0127242477571181
0.0134279862937853
0.0134726551058788
0.014452049791919
0.0138050153494305
0.0145145686779724
0.0152446283613767
0.0144009712021321
0.0142834035902121
0.0151084651979154
0.0152426786154224
0.0138365646054267
0.0145764665696271
0.0154164351946667
0.0145165319734995
0.0126282525107094
0.0126705569844289
0.0132941515487996
0.00974782810866917
0.0122459378386711
0.0127231365208784
0.0136229637638095
0.0130696554446007
0.0108486906465966
0.0113746755143764
0.0120848740748344
0.0117747086632398
0.0131592742980841
0.0134910030144183
0.0129949749669678
0.0128145440142245
0.0112340168580447
0.0120083066532712
0.0118476281700794
0.0112452673558281
0.0126670010235409
0.0126724690179829
0.0125725354473565
0.012758495936995
0.0114827388266796
0.0118978625100149
0.0121842594612593
0.0119479295402853
0.0106500611310131
0.0112473055301878
0.0118751797779155
0.0113728104406933
0.00901784041695947
0.00982362953170736
0.0105661220989485
0.00990107245041752
0.00977458203998736
0.0106584357643572
0.0108298625311548
0.0100844841227679
0.00779285277962
0.00879770418782
0.00917408888642495
0.00822823630735853
0.0114331340061988
0.0125186711229056
0.0123817826905097
0.0112890973306652
0.00976534266933772
0.0104527998140049
0.0103157314607015
0.0096397036945588
0.0161635007556667
0.0171092872526687
0.0170590367129133
0.016110697211028
0.0134330112374937
0.0146317840477867
0.0145311187058092
0.0133055254292116
0.0160018399527929
0.0169350400197546
0.0165771284703621
0.0157166556229223
0.0131061774301068
0.0143601740432679
0.0140619486523415
0.0128182157693523
0.0110746453560757
0.0121765799296248
0.0119019935219705
0.010791429617046
0.0094530335820434
0.0101107198353349
0.00982007845669258
0.00914237767593357
0.0194672601311489
0.0199688751613698
0.0196758273798667
0.0194235102563907
0.0173114340456656
0.0180256918738432
0.0179130697074803
0.0171999958764276
0.0244885747624978
0.0381741809226962
0.024978213172688
0.0224364559368563
0.0203543490156257
0.0221995626551461
0.0202553514298318
0.0191114779660448
0.0185224113851751
0.0200158418634141
0.0171836495029772
0.0162412097172259
0.017439791020572
0.0172706201394699
0.0154635916702482
0.0162288221337211
0.0191429548559247
0.0191150314719054
0.0182515002032189
0.0183709053189189
0.0169423605005195
0.0175969176002452
0.016885429500015
0.0163787313121291
0.0171196064691612
0.01691721697047
0.0157700731690372
0.0160487150563487
0.0155575426522012
0.0158306361296812
0.0149206175516904
0.0148163167662853
0.0147750107388229
0.0156051924518721
0.0144344380457001
0.0136466438603347
0.0149137415108875
0.0140504284718766
0.0129119278283795
0.0137944136135684
0.0128098932950209
0.0136238441639273
0.0131039377264628
0.0122303984456955
0.012819899037233
0.0119883666354136
0.0112711438082972
0.0120025791127852
0.0150729155988154
0.014742744305547
0.0138458650925974
0.0141994289750786
0.0140858162495823
0.0140733083131195
0.0132986381756035
0.0133893124984242
0.010447170726714
0.0115649078584856
0.011238590200639
0.0101277509894814
0.00872914440317294
0.00945798348518152
0.00911496161840011
0.00829863042111081
0.0152497566205473
0.0159922739230685
0.015405446869622
0.0147587942148419
0.012453791237902
0.0136442101711869
0.013220591235707
0.0120938151147717
0.0142133733458821
0.0147705902736824
0.0141379208319888
0.0136823628076741
0.0117235980535877
0.0127681498582437
0.0123654650047246
0.0114374340719061
0.00983079608451444
0.0109174554764928
0.010722871305846
0.00971147764504708
0.00785042476622912
0.00878616525073688
0.00867902585445867
0.00767908638380928
0.0145206654828857
0.0141717703745125
0.0147455982626002
0.0151208888359838
0.0154221629526067
0.014073366819748
0.0147367781683552
0.0161273927614988
0.01602359637256
0.0156295752572491
0.0169276289020916
0.0173495786712497
0.0169928609361906
0.0156459346319051
0.0168921699423186
0.0180543513334761
0.01989671205247
0.0194622994954633
0.0204512031997875
0.0208128738298221
0.0182810926674785
0.0185696176538562
0.0193608428275192
0.0189083026077032
0.0184443155587474
0.0179255581298617
0.0186347589371912
0.019125781263432
0.0171658341573531
0.0172679870797475
0.017888448270765
0.0177131094536728
0.0191980825889127
0.0187050348418015
0.021973458861036
0.0223350824939624
0.0193710165937085
0.0185887489676798
0.0211196835884187
0.0208427062699348
0.027796959890266
0.027731320388292
0.0431637341553327
0.0318403485092672
0.0231825792545259
0.0254637849507512
0.0289786228421533
0.0251836115005843
0.0234610655917409
0.0234711004508931
0.0239647521666136
0.0236954871819597
0.020710422755792
0.0217153066952039
0.0219582695485261
0.0208519851558088
0.0219778176584318
0.0216741958839388
0.0226179249963156
0.0228622581808987
0.0196771393090883
0.0203567060902002
0.0211548744156186
0.0202929020778855
0.018345425787516
0.0195396318985022
0.0198479768776325
0.0185309215403026
0.014779863503661
0.016379097709721
0.0165813438032646
0.0149596284253154
0.0186030073809726
0.0200068798729438
0.0199734736624487
0.0185221628879985
0.0150718068604068
0.0166960861693044
0.0166620032067143
0.0150507382820051
0.0121737353630629
0.0136785788653438
0.0136488049892153
0.0121585861105155
0.00992818258123116
0.0108686810558972
0.0108788265499885
0.0099462979563886
0.0119236455019017
0.0134568452180979
0.0135977662733671
0.0120848644038265
0.00952080657607731
0.0105299491352299
0.0107495677956331
0.00979491217781973
0.0170342277314992
0.0177809288658983
0.0182307523808733
0.0173849475240124
0.0139626313699929
0.0152919063240521
0.0155467601702411
0.0141131128229938
0.0177197985192326
0.0186581809084429
0.0190745877414423
0.0180244784386371
0.0143259634710855
0.0158232936703664
0.0160870479669936
0.0145377415145645
0.0115006585456761
0.0130828727287956
0.0132564353755826
0.0116950466790657
0.00875037304778174
0.0099551057258049
0.0102245523019829
0.00912512378169492
0.0113710637011238
0.0128725638669744
0.0129189026268451
0.0113368045277415
0.00850523894646212
0.00980055033415421
0.00972904961030806
0.00841724493398239
0.0175173954027329
0.0179638572214853
0.0170064941903712
0.0165470546650777
0.0137212441933111
0.0174228878010829
0.0163147076571428
0.017432208773889
0.0181825658378836
0.0173543212883179
0.0166020518105959
0.0173177191864471
0.0178622552051529
0.0178739048371662
0.016958427588603
0.016914488784167
0.0166930824777674
0.0162062276047446
0.0160896296798189
0.0163171884984282
0.0160277205086476
0.0161709335484796
0.0155783217820375
0.015263943940812
0.0156530711130892
0.0161059704961006
0.0152253213073875
0.0146900185537058
0.0155116411203573
0.015152561099149
0.013977009238475
0.013823083386595
0.0151091186601064
0.0145722466362716
0.0140698958720124
0.0146322744996593
0.0154729775275087
0.0146875294067276
0.0141549951594458
0.014854157733357
0.016012696228173
0.0174703573757463
0.0160639879661721
0.014753326155564
0.0130260857187244
0.0134377075360175
0.0125415254256725
0.0123851753941903
0.013881710565739
0.0148072533298733
0.0141139864004899
0.0135689911420851
0.0122281210400627
0.0120750368367584
0.0120879612813924
0.0125085563347421
0.0146838229673745
0.0140956970136427
0.0145263708743305
0.0150925024089635
0.0146634240542534
0.0141036118782342
0.0143660335033949
0.0147636611861078
0.0158205150912148
0.0152953476312897
0.0160290040141771
0.0165330928117103
0.015145637190968
0.0149222082693929
0.0155092232309837
0.0155993306292792
0.0136217979786226
0.0138219878408847
0.0137077127343971
0.0137531163647614
0.0131260934131153
0.0124391283606607
0.0128216646994743
0.013734975581962
0.0139050177374796
0.0137106262134239
0.013868360930001
0.0141611248064927
0.014264914104174
0.0131724826863573
0.0135904582709792
0.0148304823536354
0.0171556653369618
0.016650207894497
0.0172859652934394
0.017796784610268
0.016064987006596
0.0160610128410029
0.0166523934341158
0.0165934535288515
0.0136906792777969
0.01438942228885
0.013728742341412
0.0128266244750334
0.0124080862801037
0.0128275824999621
0.0117786340204295
0.0110917912129786
0.0161934884649882
0.0162486745106408
0.0165227646365882
0.016229423288494
0.0146407148375328
0.015191397692851
0.0149907851166847
0.0142098365117433
0.0163782191914808
0.0168574762625206
0.0172846590412147
0.0166552709619913
0.0139426165880074
0.014938971259672
0.0150487543371532
0.0138700797746195
0.0120918984228327
0.0132239785846687
0.0129489534474404
0.0116176047144431
0.00989757890534554
0.0108402606665904
0.0101931000641242
0.00904966163118654
