0.0655821647616797
0.0671834093460208
0.225013475273535
0.140206032700107
0.557731619245009
0.0985295262079899
0.251968473652942
0.787049470557014
0.40146150873075
0.591684504281964
0.840900120936079
0.879041311706583
0.751875462319901
0.910262985433205
1.06017790455321
0.426228689542005
0.650533712233435
0.261788530212724
0.824283165316511
1.19868862052961
1.7707112466825
1.34461263482968
1.48785005528034
0.894794951356931
0.637953806485942
0.955687507800157
0.897601782976701
0.25612012808097
0.103466615853558
0.349227410339017
0.252206414618903
1.02796458804062
1.19909657574698
1.02057575270537
0.976520675217505
0.33228844530866
1.84182253827789
0.211122060916697
1.87837210984779
2.64367669762958
1.86807586918182
0.629898977920186
1.51363007468364
1.5221603714664
0.791435580433637
1.66290756726312
0.672125210462855
1.02985697703272
2.21367411978571
0.810555332041852
1.15466281461111
1.97693737895448
6.41805003344681
7.12280967577434
22.4953871444712
142.456072485811
1.74956113349539
1.71329879995521
1.55743888245714
0.0981887895871649
1.17919751908215
0.500234439757774
1.22298419914808
1.34648227617003
0.830174906789192
1.13009031707456
2.63778273391757
7.58155922857214
37.4942549968511
2.66742292974555
6.26348858087922
618.01163343726
121.70816641887
43.4613764090223
283.298600855576
501.703962985946
1010.76404394472
443.550647867973
277.917222912136
857.748852526542
1064.58022598226
2006.30394033954
1758.92818529172
741.730661044344
0.185195158133423
81.404663860369
471.735051213648
1.3032362839026
2691.03657326731
1419.58331921284
1657.01444526812
1609.44923501696
19.0086324010381
1155.92244459055
145.235624877203
0.431013890066985
0.765845790401568
0.690000484668775
1.15652075008898
0.927958308330962
0.759639766024653
0.692422024923686
0.209862164536452
3.63580646346294
0.593987977264933
1.31777060453189
0.47004973973082
1.04146361556985
12.1060240884498
0.698644698364971
1.48967351523136
17.8364857134071
1852.03709111361
225.07465936963
1019.71770287648
2917.7969086471
738.484600197294
2808.46409176422
2432.26751112465
380.249744400376
66.9893093750603
14.3674547758911
50.188751628669
677.901318170536
512.833570853541
414.643487280705
1890.19283980531
829.82704371138
0.388052796554418
0.747995047722156
0.312834713345682
0.528043435707205
0.172096136014676
0.453246802619575
0.292427213122673
0.0707662939053086
1.15580278075214
1.69527566851857
0.979484814295564
1.8331099676245
1.26568135573826
0.468494942447276
1.17747234058555
1.44673733844689
1.16191672309022
0.435491696023033
0.885904186904314
0.788420481924211
0.899420567112368
0.964469649909723
0.348882292931164
0.199833826802311
0.530111047055046
0.510591924523929
0.787021636911154
0.186812065819401
0.123308085334425
0.0677205104933595
0.262297306757326
0.150688813780014
28.3514592083257
238.882344657101
106.387510524356
46.3445863555936
0.975637027550583
1.88074094020746
1.63221044782617
1.07881411647941
4.85565133803239
7.0459598738878
9.57830949714098
22.7089019508851
174.224834320731
33.4962861576211
174.344634464911
120.168153347394
7.85375771935628
2.35670712105398
1.91934766806613
0.494121697459306
58.7179293424207
48.5242719596078
4.10555546814458
4.03720662897369
12.4438555895191
75.407023843998
5.71354732870206
1.3033105266184
1.27412872548394
1.14412268905233
0.414456850666805
0.450967627959146
0.333407394849464
0.155973577681938
0.370714977058174
0.0686657582667927
0.740074884672978
0.0365623532635289
0.524105051539656
0.814807840450624
0.448453902218936
1.41411504465755
1.1122092832137
0.59030777127209
0.233609777151439
0.693060628432001
0.538061630808558
0.186544464343216
0.31612195092025
0.729823222735798
0.428936847967637
0.188394753958595
0.0477876403921173
0.205774562780856
0.0781043579582719
0.0927326808266888
0.622964082257794
0.226580681292229
0.375484920645021
0.732383923008358
0.786446732813034
1.04993556546674
0.733683363000543
0.258183305305343
0.400811917859274
0.598367220723286
0.28668111050006
0.273083123869686
0.10375738563981
0.467168735898137
0.244963348185534
0.178084336766657
0.380846263626108
0.974294973451075
0.577530517517055
0.297487099326073
0.855828580452319
0.489703186628405
0.816963098150672
1.09783996256584
0.567978101088975
0.193139971124598
0.481485038321029
0.867249964163736
0.939212429323151
0.68106786261175
0.82948234976824
0.293194786539906
0.558867607565283
0.648688204283435
1.03753093205068
8.28401979170929
0.588338231295179
0.608746168228126
29.5874604646727
51.0394732530944
0.32734602679029
0.674938951251602
0.385534744351016
0.120048163905585
0.395941230013609
0.441595607297781
0.393937477582303
0.179552721605014
0.452061390735167
0.385273910990169
1.23575184090098
0.204122853602887
0.095908291642878
0.101738397181325
0.188625127018037
0.197043349898861
0.146822552575462
0.280063176601178
0.234328910476343
0.158426819697434
0.273870383823703
0.0758713312770199
0.0997396007617677
0.14649399526432
0.206921141675375
0.0851787345989425
0.158301982005131
0.0930282733310821
0.506671569217653
0.433247510832742
0.316815798007834
0.503833722292034
0.130918318864909
1.52522717088286
1.32382876003157
0.303672187908972
0.177812951732711
0.0539026224687503
0.126135907750599
0.287515519118638
0.460772087128519
0.780738259798366
15.513471639254
2.78536733939287
0.45769069317849
0.159007425773215
0.600126427177792
0.750948003456689
0.216227983835215
0.596720691935266
0.63180953719519
0.415764612744466
0.136915069468266
0.181380001304664
0.150829829696176
0.12870293213021
0.247984235913659
0.0936451446520523
0.360328011636782
0.182106735937116
0.124266491253406
0.111588628181444
0.0539141675926441
0.129635639153704
0.188086563434979
0.137703733594671
0.270247193702072
0.172102007200448
0.156915490810041
0.210691061929923
0.212387750308571
0.162705964607697
0.0890909727393674
0.187724742894264
0.0712863791697464
0.144174863129457
0.130895085393974
0.196425046472914
0.293478909753737
0.300697110514901
0.416118380280114
0.396298557160112
0.377118217556883
0.236728041507065
0.312817212450483
0.415200373526092
0.823703740096647
0.371114565790881
0.701652819061717
0.369720454458707
0.217029077590171
0.654884388081887
0.172111400216247
0.498528603528026
0.179073276912362
0.273143503780147
0.272219924355364
0.346807849842122
0.4952759484969
0.651134355305952
0.640701584268745
0.0862773121529141
0.69460776925523
0.710464293700536
0.425231722449297
0.297675607987188
0.0666969173898908
0.0960212426358372
0.964819285129869
0.626425302656583
0.147852174459546
0.496271529266422
0.371777230829256
0.484505518150989
0.56336014380242
0.401565893228308
0.332597769602292
0.575814004862135
0.637804754452654
0.228697510491359
0.406565640264173
1.93577405354619
0.854561640810369
2.23948494614128
6.00394009725112
4.97990179475398
2.52921071875542
0.763756141941114
1.38034085822412
39.4756992647929
249.461267640523
22.024728569076
0.17549685783589
0.230401046294061
2.00801801216032
0.0570433149755934
114.798236260576
7.78401744963314
5.98550641357921
35.292587691252
611.526838714286
587.457885374156
343.746772151716
688.167179795037
1.05136130370564
1.89362739690273
0.554083043334994
0.325171637715139
29.9568986654372
15.7683045604053
1.67124073021548
8.44544584727132
969.309347042609
395.962379564269
66.1657157451939
1423.73449265767
10.3756571199779
60.7967475813046
1133.16849894208
1002.52280309889
1.34887998769846
0.848569037407124
0.788930838667761
0.589260080035227
2.20574516785864
0.519871673237915
0.972745365029878
2.67579061182804
1.3588912413464
1.36272562317727
0.487582724055379
0.500665017370296
0.574043053484796
0.412598322607105
0.585676681393167
0.455661119002419
0.443904221396115
1.03766436555758
0.935721508480904
0.323742014191451
0.746942137553086
0.219091031815459
0.955443581044699
0.162698138611903
1.14785111354464
1.16571605540456
1.18811414070585
2.05445103243694
0.510150321241048
0.967250809082277
2.54060558599561
2.25059188564203
0.333288601105177
0.479323223852105
0.407398142458533
0.473986217305883
1.12850784867663
0.545457507583478
0.416971096245289
0.184585138467585
0.271378573298
0.803731158533631
0.496211378356901
0.131834242161844
0.302124410823113
0.506926461112731
0.33039054176968
0.216412553681239
0.211455727517471
0.0903129544256027
0.396349738550235
0.45366714450106
0.260393195709293
0.193862976718755
0.319795253122481
0.537102167270392
0.439102423517574
0.324524923929221
0.319057816273886
0.408223089658005
0.175200352232457
0.510536355116123
0.458374725602957
0.132280050337304
1071.30375854663
10.9905628368957
7.65834484233163
203.90148441946
3264.15617406293
2232.92923413836
1590.45441542578
3711.62907228185
0.128694831771775
1.21319884262803
0.232167017238164
0.202890874417463
0.868819685173958
0.125148359672596
0.663396212001848
0.578902865235481
0.583711599575884
0.16800754827427
0.120573787223363
0.580613240039094
0.492578575750407
0.509393229233306
0.739488714798465
1.57656985553593
48.1945363480908
2.65972913750227
0.358462597052856
13.6921011620181
1692.65728696418
419.368128987038
56.9485918477576
97.8002406307876
288.999832359392
345.964041801882
512.787051070362
929.299481592199
242.049844169336
345.070372221414
850.713518221595
459.005694494337
322.868315215021
126.325346800235
377.786113571729
714.889868680754
731.571638607876
985.430303520255
864.786858384778
645.641939554297
726.812249638657
104.580236395931
30.2277896069408
86.5853507577633
318.709641445568
987.058402429368
86.9124778175369
195.637078740235
1759.53119101158
1073.40755882362
1389.38747635687
2153.21968758929
1995.85197599257
1916.58235030151
2509.92313951696
3280.05112580297
1.40839092631338
1.55707413767045
68.6092073070231
2.46315419218045
55.4949548237752
2.68636459146782
1.0163492659782
24.9734240998338
0.580502799093127
0.483972748148276
6.74049387653577
32.3597120885909
3.1596479392753
2.74722500223242
85.1714212512093
154.700462886493
386.978852693507
239.262828228195
1063.99020575577
1212.5528069998
712.262662681659
703.654782380363
1217.24805948479
810.903059547934
9.84074429292631
259.731745167791
254.484854267509
25.7831408701532
8.94205694303777
0.749990626972225
1.03972692831329
3.77113468435305
16.8500887829914
206.476077902766
16.4415447270076
0.810161421053802
0.365302915784684
2.12537575073947
0.310130566805912
0.801960759016727
1376.77270885289
1437.92206493947
757.541429384019
660.062527955577
576.865451965181
973.347959529065
343.068197882043
115.464716393239
18.6848438050231
93.2430437435272
54.8928384424962
1.33249428418671
4.1896183302658
10.2298315417288
0.619506650164053
0.66876535894507
0.802213404486767
0.389073992757196
0.684917702967516
0.250623694925527
0.558282899028779
0.355865033586223
0.455352028593951
0.433183324964434
1664.44741047836
883.951614208604
302.92444751157
850.121871739622
3815.24455983431
2301.96927708967
1806.90844146984
3695.50758494736
20.5417548161413
9.50411760435862
0.575199021197175
1.60203830936147
116.03533700029
18.9410824986669
4.77587601576629
78.1880180800094
0.909342230211699
0.965972400803387
0.427414294629798
2.65570399594843
56.7660779464943
4.45776745261137
14.9598396356613
165.741154271563
282.677901232283
178.287810464711
563.455245319252
575.259306657315
2882.46241410116
1086.7020393521
434.698218975135
1087.86782038916
0.39697474066202
18.2334994842363
3.09805375970507
0.102244798057514
0.409090053962557
0.231843352159141
1.08679723308365
1.35292094233431
1.32883089814584
3.4989811423293
72.0695095365194
82.9238660463602
12.9433777942215
15.511744172945
91.4645635104566
202.384907057229
0.404810914527413
2.90178618291119
35.0032631127388
1.38311928074802
0.858194871724465
0.194330497285507
1.96398079245163
4.36401210527945
0.200002846262318
0.486261706404711
1.06673437019865
0.142769125776671
0.135627436704783
0.0190646263533572
0.162627295753487
0.321777217295629
1136.15953242955
1317.26120962029
1494.68998815245
1258.2404606313
597.163358144561
861.095817275889
787.221432024462
803.899764172475
139.220146593226
155.608988407568
13.7412341210586
11.762215473594
306.19065850547
299.577037526966
91.9140622135187
133.581048878403
47.1407366413361
323.378465571286
263.143765922055
18.807880119608
0.47558835023942
10.9953248724585
3.07761327176436
1.25316462211931
17.2452499571808
219.126153853795
558.098608930364
83.2821288155664
4.79591737988914
61.7314064601812
57.3382700513298
1.24489952643426
0.913722894264038
0.852135061393376
0.679503074827947
0.685966721115337
0.664546476793433
0.293396652381251
1.31743637285538
1.03106125424856
0.772051570074195
1.09680286838787
2.40031037563127
1.08872013423123
0.274543912284186
1.32596837232405
0.776239550006695
0.689066432556281
0.80667423998068
0.753207174054408
1.05148554125692
0.186549681492649
0.0621409142766721
0.398410096083556
0.52139654772989
0.100300335111116
0.381535650147396
1.66409261382689
0.149456335278142
0.938529416334073
0.0649101192798972
0.732497079745119
0.327355893514544
0.17795843799919
3.79291441781523
0.229928638608363
2.45474080903205
17.6232127511834
384.293500907696
99.848346972368
98.1800710180816
104.883486498389
19.0355709635842
6.05881067812116
5.99610976210805
9.51037894484653
24.7937668911063
21.0817819426813
4.36417458004408
2.43537478520762
0.430224023940045
7.89389333704223
0.383574221526909
1.13486096961967
0.605216381903726
1.01154515007771
0.232455461896574
0.280205297567561
167.235634964738
499.164491924854
60.1808630958258
24.9275035319396
35.1072403535604
74.7145723788797
5.14413573854169
1.64988922376828
6.98414036583631
0.500016357046729
1.03166920625728
4.75025014432112
0.882217757768834
4.55181850790422
0.260818037758203
0.168430395208928
0.416112763238508
0.7049666422499
11.9448761834762
1.36312130775674
0.526119271608057
0.881272258659982
0.389446484893832
0.290323009677659
5.66732052148057
123.21637308969
281.853676710318
120.707201251424
1.47874714425435
1.87503691127244
83.3311886619165
23.4466176741388
3.65986962571387
12.9158158049268
42.1968125129311
13.1511852883482
0.194361903860156
0.669921785603448
4.80508185538095
3.37628851547541
413.135309445411
907.524501285273
1022.94455427378
919.486155101543
16.4387759264747
102.284973338283
445.765065014864
118.922329513092
635.099025344059
143.493365270694
274.545236047604
759.816116597945
488.007763711899
755.173163479456
984.986931164921
1119.7850137402
451.034041024004
1151.91176437388
1214.39770233724
920.65922025829
1054.1425125563
393.865147108493
461.013621677386
379.056357267678
1261.61979409941
1136.30331187147
916.27544235515
848.178826064002
628.815646069176
1100.4234110463
758.593387018389
470.001043503072
138.707430213052
168.615174866463
22.4924388310907
12.2978168379352
25.3070282683005
56.3012976855791
1.01032858479551
3.50244445636154
213.96283399069
141.941841905219
19.9217773890816
9.88321879331975
68.6093601090698
169.83506245626
5.12384593239289
6.31098402204588
5.68413018640657
37.909980672077
85.1186382949343
2.97341539471617
0.285615984457224
0.409462788091356
0.0755543575263741
0.409305411483363
0.339625705881583
0.604767706166745
0.39888646017198
0.053591690918841
0.398419286490858
0.287835810052513
0.23347454002424
0.149974264860781
41.3764860711411
123.447590663552
277.330643943749
27.7731962428509
110.682427949671
61.0255642041347
470.939489198494
1507.31494148944
309.701508402252
171.496516699886
29.0799042114726
310.858303110456
214.966057356314
247.579701247119
177.951327046599
165.980770045991
78.6993667953838
5.56682669614617
1.21591144120057
16.0814671104603
214.028939360943
195.779441652139
23.6479409788684
250.657950000969
359.621120936867
231.66729808838
315.205362376056
783.397326928721
3067.02350313168
1309.04402492631
1861.12122938622
3746.06842348238
2.61399691944891
28.1166575314199
55.6969868257845
9.8255621679829
0.773573513156648
0.0846341875251823
0.590635791600645
1.56948786383628
376.323816616829
706.973561451455
1354.04399025431
1285.79405013327
27.783716274242
123.707585919671
983.650170174479
481.804627790292
2.49428278762422
4.89460249875192
6.17285731555628
331.793246588247
44.8134029319287
23.5503065731084
352.258976141827
331.253676308722
0.508465764629694
0.862489271625787
0.798839304165392
0.268039746304039
0.276494252536386
0.154191647829054
3.54909562645904
8.02322941781763
580.43498814356
790.244486332967
173.578268410503
139.922482422649
308.177110416101
432.154952689266
91.3600632608702
42.2792356598836
3.41020650853553
4.4795394282295
0.265181912016964
0.408668315239588
0.696934240122461
1.30843259313951
0.687955231741908
0.227319814551416
1.25077947856404
1.25838934882028
0.743652799215885
2.41656593037476
568.802985301533
29.045787637889
17.4918134302938
323.514623240348
303.853135272338
59.8061099893678
1.84455739257628
15.4069351638498
1189.56824734482
790.1699331884
125.492557796762
715.709818765212
1557.77632488968
1358.73638378616
1735.42705026715
2145.33184705589
295.090274938832
983.007579095833
2181.93520233171
1219.01181778256
1228.42962067487
792.125085569948
518.407685900261
659.123423676091
1173.54855792188
1538.83717568629
1032.11250580418
964.43961150473
743.11981125657
561.398057951904
603.31413295819
485.622347567268
1655.98745262668
1222.89027911532
744.51019885036
2746.76083168917
1627.58750412839
949.637283184842
608.349512964023
857.913686978691
2293.98236119868
1843.39809208078
1641.4809173351
911.405393702276
7.13463431371713
1.15975160117424
15.8512191179312
13.4769249973532
106.899600934125
29.3891312673085
50.9066731177659
255.412414148376
59.1923030288136
81.5674737758884
445.899808632494
401.808235329549
597.128094217894
64.7945583306775
250.162722253045
481.415189266499
1753.71326694748
1081.89142861436
1087.78536103641
1851.77017760465
3968.98925697546
2398.15152300587
2260.05032161002
3440.56962843983
1148.16446285079
426.102364986473
648.585976118064
1444.53649434758
4039.77411815483
2182.87353392029
2350.39524341618
4118.90953964383
0.214798470168249
0.306240049706847
0.300152760827275
0.524578697120475
0.912068629060053
0.717656864758387
1.41284172255708
1.11702550027537
0.999996987034141
0.259123460034679
1.06777565858272
1.05068254186041
0.497113678665272
1.41754865808364
0.417048112174088
0.454256098888589
0.84990008513458
0.64758418079811
0.981154717954506
1.13975331738942
0.804016855916115
1.19935451581507
0.957993314271553
0.545764298735422
0.577429721272328
0.693393193142639
0.274163450862916
0.092766868593036
0.346341602202598
0.101968729232766
0.627101040099306
0.719004333841728
0.450522171912212
1.43611120304961
0.443960991637042
0.297584284241752
1.01518975640984
0.558163461307091
0.508001992326059
0.942788776421006
0.949261140029625
0.195528131901616
0.0423791174758473
1.7541131764326
0.207826996341405
0.499421962870526
0.565937942727605
0.8385413382458
0.0328257927733999
0.0415088677676816
0.181010778270199
0.0385100015961434
0.661934531500125
0.095589306070109
0.186577778977054
0.457599611282194
0.725273480598621
0.979778315522258
0.560273233310218
0.122762364850663
0.199212237464978
0.19592609335051
0.190251900271511
0.630074686806296
3.10383257538451
0.274652088159269
0.472716536026301
13.0127144786376
47.4619146406246
11.5246531850695
137.60441652181
708.580378536032
31.0541445462992
0.422732179494175
0.128729812466411
5.55324455797695
708.031676106099
421.924017247603
137.206946476067
143.496154330629
15.5855489853507
274.360177352119
151.357793117157
13.6550986725513
0.0511326961756326
0.322169525137396
0.517004366620837
0.0477698862396945
1888.93119589132
657.038739342901
256.754689176003
131.488171436916
76.7518396758303
656.50067743849
16.5094171533587
1.20612176857295
0.601584464898111
0.562834874290867
0.665425620742539
0.113138037443668
0.193703244826993
0.237656495197555
0.242823564152149
0.214266624329568
0.529298896333539
0.225598701155085
0.420752444333588
0.280857409470177
1.0772125511646
0.212244534081213
1.62722462940479
4.62416931877865
1549.94678019534
17.6262452983633
114.414948810602
2346.14052804977
5354.08403541457
3268.6113868643
2434.01502143227
2668.0923291967
104.289726650306
4.07369169958039
8.34919843851901
806.654870420554
3708.95944140769
1221.82792080308
2428.4901216089
5352.56073183459
0.301489306339124
0.201534114511449
0.320452571808875
0.441363613427564
0.378545774095302
0.871951790786502
0.485844189580432
0.346416285563886
0.266663118105089
0.102911595747725
0.163317952182074
0.281703860951985
0.367193206393491
0.276117818137719
0.104650125836734
0.107448720991755
0.188254601105703
0.0961982975430822
0.155608173897966
0.245697534643115
0.404436577783185
0.241673885506436
0.581358850836335
0.776279828007367
0.377622216906457
0.760281048812487
0.846946001202411
0.124935042612211
0.312925114809959
0.182334050669501
0.8321480506873
0.310646486060101
0.302937480916368
0.423046900071104
0.240550450226766
0.197780743180011
0.0382877066219257
0.0313320884649639
0.0578813857351563
0.183743589189415
3.49509482133646
56.5278480944927
4.59345813830956
0.345780751312246
0.771164631477674
0.64544327367784
0.257788103088157
0.514899720462373
0.486347113451757
0.662090259132823
0.639950510930222
0.596596539322336
0.422787966561363
0.313106119361187
0.155363672643655
0.0843389779367119
0.17096527691842
0.0907872879915095
0.262646840712446
0.209377945683542
0.185983801058549
0.103530188343789
0.126888579450563
0.0957608098895734
0.109119177729593
0.299466069120741
0.181599766582611
0.287856219771736
0.351742255868131
0.139972659303883
0.496357900172995
0.754992582056968
0.348336989526844
0.269530762472269
0.157772682041837
0.0577654363494489
0.355699676029068
0.0690484991359431
0.136956562508527
0.342061312088591
0.0931467054228423
0.0464371525259405
0.219232926183906
0.0820137273754663
0.0341820416780324
0.300594831284031
0.0548280880205089
0.467094853236096
0.648378393902839
0.282266480231588
0.676787575632223
0.80569386853596
0.678275673391979
0.798972074545283
0.645862752041824
0.208519468515137
1.10910521736472
0.170159591700083
1.24051952667951
0.593826221595742
0.682931325773311
1.87090164176333
3.09147735766227
5.03982423683132
0.656889256049184
0.451038880017152
0.601153514556342
0.649803249284163
0.826620595514859
0.747494901344775
0.375217633759249
0.242374987224661
0.0976292375345799
0.436803304223447
0.105460405714911
0.512347739301156
0.979546660816916
0.194772229002537
0.575163356865977
0.754542143992251
5.12368826215133
0.933194025911896
0.131274153328998
23.3819201087892
66.6463838474272
36.7728924122181
317.921984816624
1252.4166938927
0.0788750576378594
0.386529966535007
0.415427752155948
0.150653316897727
0.229195224811434
0.0703415506868106
0.0783293614868344
0.018094579180807
0.041784427336675
0.526252572282722
0.647535030680436
0.618055360590573
0.0471123412470749
0.106367222584991
0.899637346121432
1.86853372212768
0.148743138092591
0.0445682465283402
1.09561836500633
0.0556415403239643
0.41459856195491
0.206446117448569
0.146834159858707
0.55979966803956
0.564742900196023
0.364868537735721
0.139369301842063
0.500660311752895
0.225602325242006
0.233289381695056
0.563968023648479
0.35017463684208
7.05542783937928
0.49252414617696
0.438438892323628
35.41709186784
131.438294763046
20.3748331670225
116.180513841496
435.776893529173
48.7319316356761
5.22855153201484
18.600462667824
97.3868046014375
425.199495055986
226.716036114227
267.727542170446
172.573695232797
24.2700681901037
320.028924480819
532.458377678266
48.5873033473941
0.471555218180742
0.887069944162478
5.74836860771214
1.10272061613646
1.28786722733288
34.6026036777128
134.118349801232
10.5323667563437
0.190981109774011
0.149848127492898
0.715650982401092
0.410736306949667
0.525622018231931
0.643965704571224
0.707251708378319
1.14036161890766
0.215468177011238
0.384744548852261
0.897639821651079
0.432357117839174
0.837735522342908
0.621642078239964
2.08476329426096
1.13033440902756
0.796142705328923
0.653085382055268
0.466858695249442
0.29803653854705
0.669605391952789
0.168442173274184
0.352969749070452
1.6273997835157
203.24127556632
16.0621530517971
59.0879546251201
24.8721098579859
0.17381359339413
0.191663992244724
0.226511303291464
0.111910578274132
4.39266654206968
0.749956386970948
3.56993384480799
94.8042811206727
0.524187296314224
0.573011934974255
0.183271439970532
0.532888808042164
0.137774258844114
0.1575750919556
0.334517849258711
0.185951004860132
0.530881038094384
0.0912611423246312
0.510554032362746
0.171672520630481
0.290012790053946
0.622775179319702
0.318685370151183
0.318143721538785
0.10212714449295
0.066794739903463
0.17400769074233
0.215196567693054
0.0672259235497162
0.137919530796816
0.0457644839288961
0.0621903783427197
0.799995304185892
0.685581261705896
0.162009122718186
0.11437087170257
0.108809337794263
0.241155911676872
0.063299835877249
0.0609027357411
2.48970274901781
38.9206033620904
750.184218412604
46.494240764652
0.0930586622080102
0.285357647193929
0.453199563748488
0.049785437633993
461.062169466093
254.311213990718
85.0580427966008
226.091891629982
56.1692308628511
481.86684945499
171.293182234806
342.591542582847
13.1796407168709
3.93132131143428
0.395107551662151
1.45072027977814
483.70613188272
31.9869941974361
5.98854449204368
17.0728006612374
917.347678393623
1401.60541621249
973.270314631593
2113.33004006758
0.217293187831753
21.6437377908558
340.040967348168
17.1594134918167
2.60972444640359
0.666031500697687
0.374416451094852
2.44173975423353
107.790266877884
21.4038610907569
8.3668322662699
10.1860894732909
2.26747166746977
0.482420825332395
0.124491879382421
1.27035361994699
0.671453920487103
0.472025450839997
0.948763258968171
0.596097394460051
0.402534691483547
0.658983575402652
1.13482926367235
0.30434778927866
1.44416246856122
0.961664809683098
0.663738836243354
1.25142037902898
0.072971769797059
1.28314789988443
1.13340596056767
1.29625751781997
0.959567301459492
1.04384073277312
0.547664432994957
0.404840804497246
0.675725826811634
0.810866879108605
0.524327915701108
0.642761594222663
0.205560540343191
0.566835370476409
0.852450971756531
0.532606574938396
0.834266332563741
0.848265377225604
0.134254453987256
0.681494439174473
0.708172574720654
0.178743321714752
0.611514393505595
0.119003993996807
0.474993834962029
0.264207119443761
0.426499084744871
0.1121149349297
0.539824748466276
0.549860918911683
0.193598672504902
0.459007151985572
0.15186013554223
0.190766329089811
0.447896306404766
0.306843006429433
0.682487651637408
0.5367106091186
0.113113928633464
0.444507098690631
1669.17686116452
82.2653054183614
11.3930823462811
320.330812105821
929.480637521805
1862.61599637554
1500.49184191824
1517.94598358991
0.505915673910581
1.09321476634665
0.0507649715156305
0.745296332057807
2.20244240717582
0.42120449779968
0.45143778488869
0.261913414150675
0.0891944322490761
0.451006182316126
0.509871606452866
0.277189715120897
0.270423125648644
0.309972406198584
0.156860854092798
0.259848069198246
19.0151782064313
2.66488068659141
0.0478767055721501
1.06584221045709
532.038189668712
100.783646907003
6.45917429795515
2.26943349399404
