0.01
0.01
0.01
0.01
0.01
0.01
0.01
0.01
0.01
0.01
0.01
0.01
0.01
0.01
0.01
0.01
0.01
0.01
0.01
0.01
0.01
0.01
0.01
0.01
0.01
0.01
0.01
0.01
0.01
0.01
0.01
0.01
0.01
0.01
0.01
0.01
0.01
0.01
0.01
0.01
0.01
0.01
0.01
0.01
0.01
0.01
0.01
0.01
0.011702078310665
0.01
0.01
0.0150484376818887
0.0552974081788165
0.0239844308976541
0.0782306956475076
0.283173005014592
0.01
0.01
0.01
0.01
0.01
0.01
0.010085513532181
0.0134066372614698
0.0124891273630836
0.0100151691659017
0.0248185439198192
0.0502969720457831
0.139383302931849
0.0327173156208315
0.144487726724691
0.394388953820703
0.282752779921427
0.145924630986763
0.424869284778324
0.529607096841024
0.550947601070464
0.45976833037954
0.599981617393302
0.628491527456244
0.460933993685723
0.572970273405048
0.609561320945986
0.516016215839582
0.0318662063491493
0.150702362068573
0.334488260917869
0.0680666861643052
0.502233058149826
0.43111161138611
0.506770326952129
0.452862462680905
0.179928343396825
0.404915102037193
0.160990607994686
0.0407833181052849
0.01
0.01
0.01
0.01
0.0110761729136987
0.01
0.0100571473469005
0.0170776902954141
0.01
0.01
0.01
0.01
0.0346864638121446
0.0104552333710883
0.0129092916623795
0.064229057963365
0.478219112579692
0.19636060272326
0.35762791449046
0.52340935115398
0.630113482101698
0.599848071450204
0.549016486876966
0.505053039937041
0.116466940884265
0.0291651573476721
0.0816847437407425
0.368928248755918
0.479810358362805
0.33303800607195
0.542424974289071
0.62021392727919
0.01
0.01
0.01
0.01
0.01
0.01
0.01
0.01
0.01
0.01
0.01
0.01
0.01
0.01
0.01
0.01
0.01
0.01
0.01
0.01
0.01
0.01
0.01
0.01
0.01
0.01
0.01
0.01
0.01
0.01
0.01
0.01
0.0614982740917357
0.318556053378512
0.318293742117347
0.0599324694975811
0.01
0.0122747253333931
0.0114455061252348
0.01
0.0312773397505728
0.0346598332407392
0.0211386608059949
0.0391043005779267
0.360995208791126
0.121402681000947
0.231944596187533
0.378879096947656
0.0257570188240682
0.0112815350877411
0.01
0.0132590146023549
0.290311166318826
0.126118768121431
0.0296528820000727
0.0595963968395709
0.0348693596777469
0.180784845064552
0.0432203002369207
0.0166507319296827
0.01
0.0106146511523005
0.0100475406469459
0.01
0.0104780504064122
0.0118437361786444
0.01
0.01
0.01
0.01
0.01
0.01
0.01
0.01
0.01
0.01
0.0123158949094529
0.0109502091372208
0.01
0.01
0.01
0.01
0.01
0.01
0.01
0.01
0.01
0.01
0.01
0.01
0.01
0.01
0.01
0.01
0.01
0.01
0.01
0.01
0.01
0.01
0.01
0.01
0.01
0.01
0.01
0.01
0.01
0.01
0.01
0.01
0.01
0.01
0.01
0.01
0.01
0.01
0.01
0.01
0.01
0.0100486159197368
0.0109813258402182
0.0100085668366524
0.0120937602894222
0.0264594513098124
0.02285383158562
0.0158375703692339
0.0775831994183121
0.159425642255359
0.01
0.01
0.01
0.01
0.01
0.01
0.01
0.01
0.01
0.01
0.01
0.01
0.01
0.01
0.01
0.01
0.01
0.01
0.01
0.01
0.01
0.01
0.01
0.01
0.01
0.01
0.01
0.01
0.01
0.01
0.01
0.01
0.01
0.01
0.0105001350742262
0.0100239772532229
0.01
0.01
0.01
0.01
0.0122851347144747
0.0153779591549315
0.0525680423100857
0.0210624964942265
0.01
0.010180350203108
0.0104613397374321
0.01
0.01
0.01
0.01
0.01
0.01
0.01
0.01
0.01
0.01
0.01
0.01
0.01
0.01
0.01
0.01
0.01
0.01
0.01
0.01
0.01
0.01
0.01
0.01
0.01
0.01
0.01
0.01
0.01
0.01
0.01
0.01
0.01
0.01
0.01
0.01
0.01
0.01
0.01
0.01
0.01
0.01
0.01
0.01
0.01
0.01
0.01
0.01
0.01
0.01
0.01
0.01
0.01
0.01
0.01
0.01
0.01
0.01
0.01
0.01
0.01
0.01
0.01
0.01
0.01
0.01
0.01
0.01
0.01
0.01
0.01
0.01
0.01
0.0107297269050135
0.01
0.01
0.01
0.0173343297459274
0.0136275599546187
0.01
0.01
0.0297443159869313
0.146910196726428
0.289395848370373
0.0715856463218399
0.01
0.0104091192442287
0.0223183950181949
0.0109590051288353
0.192296415608479
0.0463848082662438
0.021389990252726
0.0872908246461343
0.401366381976888
0.388444553050488
0.236050886474398
0.345637772068355
0.0214178650422252
0.011887145020991
0.01
0.01
0.10811677430306
0.043182742971876
0.0116848590237453
0.0274263453658705
0.273449072429017
0.283048870571726
0.108780093804135
0.334481513639623
0.0586435323692049
0.0967504122644481
0.377187643977689
0.366554972409766
0.01
0.01
0.01
0.01
0.0123780082133277
0.01
0.01
0.0108097698076569
0.01
0.01
0.01
0.01
0.01
0.01
0.01
0.01
0.01
0.01
0.01
0.01
0.01
0.01
0.01
0.01
0.01
0.01
0.01
0.01
0.01
0.01
0.01
0.01
0.01
0.01
0.01
0.01
0.01
0.01
0.01
0.01
0.01
0.01
0.01
0.01
0.01
0.01
0.01
0.01
0.01
0.01
0.01
0.01
0.01
0.01
0.01
0.01
0.01
0.01
0.01
0.01
0.01
0.01
0.01
0.01
0.320164060706982
0.0565637578436161
0.0312103372997192
0.180343968059024
0.531028530677842
0.473332871041023
0.438415906604255
0.549213332470887
0.01
0.01
0.01
0.01
0.0122500085987546
0.01
0.01
0.0102928476599883
0.01
0.01
0.01
0.01
0.01
0.01
0.01
0.01
0.0696550539428712
0.0159543968628096
0.0107051833099387
0.0233872572037696
0.423840097945483
0.3116611334296
0.0664346817479779
0.114812512199528
0.479999035161596
0.638101192213438
0.660364918730969
0.638035597133984
0.329665988822258
0.52938337695485
0.594977608065659
0.421936050183928
0.609570059719913
0.439122229075592
0.389976418664584
0.56941272308917
0.68420149147385
0.672003218593009
0.647246508389921
0.669081418603897
0.442803853914256
0.179492064176163
0.0748778387525154
0.171414403686175
0.580586969615448
0.530583817022955
0.224644615261416
0.32276495662055
0.673768953995529
0.639826481238967
0.571114878796023
0.668446980871041
0.627317255722949
0.661683096695571
0.688918893506765
0.689069962462197
0.0110986070365209
0.0161906262791429
0.0637865404944144
0.0180378191908099
0.126375313416875
0.0190435943468997
0.0157320401699722
0.0902238178463752
0.0154093383733863
0.0118221242873856
0.0468706613518685
0.0805843914943023
0.0219991334975734
0.0208138987363316
0.126221542811173
0.145688961296149
0.321665042306441
0.256994940702058
0.558788369829553
0.576467394366175
0.359809162551431
0.410056625526491
0.550347482218522
0.430970081487471
0.0314974257111114
0.179467304306495
0.202985150382565
0.0345703710634053
0.0406527865670997
0.012290036118679
0.010855844498374
0.0200860160577215
0.0257872428073953
0.130061458309527
0.0350862617137389
0.0141772017303741
0.0138691287984605
0.0104442632200337
0.0101207234099871
0.0111155169580824
0.605217931730311
0.636274948289698
0.572611688791429
0.478474524195722
0.320901412472865
0.509904707836418
0.254050883515544
0.106534251455357
0.183210139515782
0.429330054724755
0.265849822078807
0.0564454917466984
0.0215415598398596
0.053121348060205
0.0146233709850925
0.0101043680503399
0.0101870082829576
0.0123847347672341
0.01
0.01
0.0100736670247997
0.01
0.01
0.01
0.652793880787781
0.510311419733512
0.436918087139333
0.634020994676185
0.696576353283764
0.690778715474037
0.682561950215768
0.68809143208889
0.049485988165882
0.0377724702448825
0.0144580116192027
0.0182193587809543
0.19967350829433
0.0741328168100288
0.0444225659394995
0.168030101390509
0.0162183953714482
0.0104948552777307
0.0109640689183235
0.0257903492932121
0.194797495486402
0.0581954121241095
0.108166280151128
0.271773940343749
0.609535600858359
0.420252939150396
0.489836923886049
0.513303430471404
0.640282840577175
0.641479011826156
0.472616724640692
0.466673544933897
0.0249460530219696
0.1078927662956
0.0571202260810643
0.020360441593301
0.010344316873818
0.0103218284654944
0.0222405907265208
0.0257849102081519
0.0758388054656239
0.084133669362894
0.257834624922575
0.272267798310001
0.150286668998262
0.134284317848835
0.411847494263887
0.364580153307881
0.0142683985545297
0.0524106769224605
0.120799589872337
0.0253373047912719
0.0156819582230492
0.0107344904867025
0.0170959999531541
0.0310634005201636
0.0100686908457288
0.0102723710641808
0.0175707938855153
0.0109249089908462
0.0100148603914781
0.01
0.01
0.0117230456666434
0.542751819111181
0.528994375032318
0.489236944692064
0.512517760098089
0.500279733234658
0.570629514306808
0.558831118615892
0.541708165915943
0.224352282177114
0.196971834112246
0.080524872112034
0.0607576907647861
0.47737485335756
0.411112597981502
0.152404279661553
0.366240051403546
0.127981073175212
0.39524899718081
0.276518684896488
0.0774476802838821
0.0113610120978009
0.0245134691526268
0.0154510082354543
0.0100387994901621
0.0691240751436496
0.217060072066084
0.404952302439468
0.152798896976716
0.0214088636763958
0.0656951366387961
0.0524035340951008
0.0152781557012764
0.011363781371454
0.0128815416703718
0.0101617552402428
0.01
0.01
0.0103125728637085
0.01
0.01
0.01
0.01
0.01
0.01
0.01
0.01
0.01
0.01
0.01
0.01
0.01
0.01
0.01
0.01
0.01
0.01
0.01
0.01
0.01
0.01
0.01
0.01
0.01
0.01
0.0492587251020671
0.0136804763981044
0.0246168886083205
0.103082725734318
0.405434223548269
0.188986642730919
0.294987616672462
0.320572648840182
0.154904953890473
0.0612357885241088
0.0362824237320473
0.0348741002199707
0.0724102673842209
0.134006260120623
0.0252715517186122
0.0156630515068957
0.013586518541341
0.0301055639744355
0.0108942038421283
0.01
0.01
0.0102718188923568
0.01
0.01
0.21591200314017
0.408156808807831
0.141222477981835
0.0490646966343841
0.112957716105421
0.136282039649236
0.0223948137202193
0.0173310817798274
0.0385664819293801
0.0131996537696446
0.018238688503397
0.0471931953595087
0.0257600076034428
0.0512615862777664
0.0174666158108114
0.0113465225834357
0.01
0.0120406125197988
0.0354642361131927
0.0161515522567668
0.01
0.01
0.0109329053784573
0.0120558459238448
0.0773536909915607
0.177447638207274
0.379168960510994
0.3608795881766
0.0395338401682541
0.043545292338343
0.241623298108756
0.216499979376975
0.0405257421024176
0.070182053112548
0.204381664169063
0.111331264556239
0.010012413871152
0.0155634206801062
0.040991118027764
0.0327678566913244
0.305208618291163
0.48605652127181
0.59639871278268
0.502856546410931
0.0297555913149038
0.111613789560977
0.349606070802498
0.118169974509756
0.372606473234436
0.175481725341056
0.264245751631077
0.480439918844598
0.511967723617726
0.469995434218714
0.587427932012382
0.62314946157555
0.525933028059311
0.509569212114952
0.540386329587847
0.543927748512141
0.650019854396381
0.621741388130167
0.559052980849861
0.569860581999176
0.573653672637619
0.633299174337489
0.556225755118124
0.488455977181704
0.344030377280044
0.471070039072331
0.413171655201665
0.383885666953151
0.209960829929149
0.297964941891763
0.0951439722093945
0.0574490156426045
0.171545505785696
0.14775401508618
0.0276696971277531
0.0474606545502923
0.314699102944616
0.297802194192051
0.153960468899115
0.137715897592696
0.281019667031487
0.281001363982812
0.0877482632042661
0.0863762585888984
0.0688701204429077
0.176466233862127
0.210975291152439
0.0533060327231378
0.0179349367936735
0.02142792413689
0.0124612015271768
0.0102076656414162
0.0148145801099433
0.0215705446923275
0.0104122798812084
0.0102106791598189
0.0167945470140389
0.0112585629938172
0.0100064462320063
0.0116807679200389
0.297827077335128
0.461468889542153
0.631547768911922
0.58671559535445
0.220951373305172
0.224715939974322
0.553966785948595
0.549044200004125
0.487992499610739
0.380948900920578
0.172161593148782
0.436292970787384
0.529667214331371
0.525870876593158
0.588167298919806
0.642836955266937
0.233789134146966
0.0694837337572593
0.029285576863464
0.126042390092995
0.639140720478713
0.516828558451025
0.313557361718376
0.577020194581109
0.67923435979257
0.678109727266557
0.670997631921392
0.694373939446837
0.672232058011106
0.674235633208017
0.696439118961868
0.696285447841046
0.0698091117713932
0.298202520012371
0.422239243797127
0.158786857091045
0.01
0.0149521995157695
0.0345612131513578
0.0146575523632538
0.326415459412964
0.543714608429409
0.605079785680781
0.511812589157664
0.0607582920089058
0.153471889470674
0.381695147771496
0.229016944324042
0.0395440065556546
0.0284477856683934
0.0723898526634451
0.183473181630544
0.171709967667213
0.0889145337570272
0.259621493863105
0.356594578138212
0.0101770101827405
0.01
0.0108152885985901
0.0123565714348814
0.0150365422371216
0.0112932601974652
0.0237121418312651
0.0515265551418581
0.367877506630916
0.494967952668709
0.203653712211761
0.147973366777861
0.170551185129296
0.258238154378366
0.0913695818685699
0.0515630281083592
0.0265762461758405
0.0330229420095744
0.0104288853948996
0.0101882393445862
0.0137396590520811
0.0189084114839528
0.0100789243450663
0.01
0.0167752967655406
0.0110477808716261
0.01
0.0135902319455771
0.395441776252968
0.093677951849808
0.0649957029957683
0.280054703988124
0.138899703901481
0.077361100674426
0.0245080331014363
0.0409211800405232
0.486805106832074
0.317557275071464
0.146863868534488
0.396594094547243
0.644438353499885
0.604755374203186
0.610502000550583
0.676746109904555
0.602424440125784
0.640878901894904
0.687769516270179
0.686838755094391
0.673092258512332
0.588053385640434
0.558575235165409
0.66717975638764
0.697043008577462
0.694872075531248
0.694189385875259
0.695951385804795
0.663419575736717
0.683585388723168
0.663134539185085
0.541953455720711
0.605353579424289
0.640889431338113
0.646147538203014
0.669996691316941
0.688449676602199
0.684391010137352
0.690391323708464
0.683893037979892
0.600034987575585
0.653370374200914
0.630440444294768
0.446889185250658
0.0919796975534398
0.0318513030516465
0.0913290750473614
0.142020748157015
0.45140088972854
0.232603199992202
0.256757038068664
0.48006891579758
0.275701643767144
0.237943759198915
0.4795484883873
0.473417817756496
0.583299167747172
0.355967425103445
0.469792053605943
0.627416514716342
0.695880205122002
0.675578772756819
0.683534330856729
0.693665314358146
0.695341339342198
0.696778083736657
0.68589621971768
0.675816596792414
0.69524677307635
0.653877945449266
0.657198025935475
0.695478780742438
0.699522244512199
0.69926200685518
0.699150312065242
0.699245803312297
0.01
0.01
0.01
0.01
0.01
0.01
0.01
0.01
0.01
0.01
0.01
0.01
0.01
0.01
0.01
0.01
0.01
0.01
0.01
0.01
0.01
0.01
0.01
0.01
0.01
0.01
0.01
0.01
0.01
0.01
0.01
0.01
0.01
0.01
0.01
0.01
0.01
0.01
0.01
0.01
0.01
0.01
0.01
0.01
0.01
0.01
0.01
0.01
0.01
0.01
0.01
0.01
0.01
0.01
0.01
0.01
0.01
0.01
0.01
0.01
0.01
0.01
0.01
0.01
0.0178224459469694
0.0106258533058613
0.0129009537710486
0.0493693588439577
0.141018845293315
0.0443597919229868
0.208273823214353
0.393218627275897
0.0766677229584385
0.0138816559463788
0.0116343475584125
0.0396374440149524
0.446400915351203
0.314801234276423
0.202085232777924
0.416277478803157
0.0873827779039473
0.382295608998452
0.375046199933857
0.0887966309166351
0.0100264587668159
0.015806019981951
0.0144133758689112
0.01
0.373126876069635
0.341153069225848
0.384895370359318
0.153771047241616
0.13597629669941
0.319098859988332
0.0526754659239908
0.0266861373944933
0.01
0.01
0.01
0.01
0.0102978897336463
0.01
0.01
0.0112576750246309
0.01
0.01
0.01
0.0100553270367481
0.014656607156578
0.01
0.0129861513089992
0.0346660250707308
0.403943113103259
0.081717372626284
0.152047093879637
0.423390591127134
0.603192754683918
0.562013236140781
0.491495642815565
0.461470889185495
0.18376067584209
0.0317318198852725
0.0580198986571748
0.351389133412266
0.574659993175122
0.45883433238196
0.54290490284857
0.623864773631819
0.01
0.01
0.01
0.01
0.01
0.01
0.01
0.01
0.01
0.01
0.01
0.01
0.01
0.01
0.01
0.01
0.01
0.01
0.01
0.01
0.01
0.01
0.01
0.01
0.01
0.01
0.01
0.01
0.01
0.01
0.01
0.01
0.01
0.01
0.01
0.01
0.01
0.01
0.01
0.01
0.022753886157988
0.092309521503122
0.0243392145328907
0.0148757282963804
0.01
0.0103987322629879
0.0101177427286639
0.01
0.0100502747597983
0.0103350741828942
0.01
0.01
0.01
0.01
0.01
0.01
0.01
0.01
0.01
0.01
0.01
0.01
0.01
0.01
0.01
0.01
0.01
0.01
0.01
0.01
0.01
0.01
0.01
0.01
0.01
0.01
0.01
0.01
0.01
0.01
0.01
0.01
0.01
0.01
0.01
0.01
0.01
0.01
0.01
0.01
0.01
0.01
0.01
0.01
0.01
0.01
0.01
0.01
0.01
0.0109054991663207
0.01
0.01
0.0140761371616786
0.0177330657615467
0.01
0.01
0.01
0.01
0.01
0.01
0.01
0.01
0.01
0.01
0.01
0.01
0.01
0.01
0.01
0.01
0.0236476767002316
0.0107439639656392
0.015893725314043
0.0708257283093611
0.116074025878563
0.0696588036061541
0.313273574140463
0.421445980677305
0.01
0.01
0.01
0.01
0.01
0.01
0.01
0.01
0.01
0.01
0.01
0.0124643488330413
0.010460527813119
0.0102421778684021
0.0258649984068636
0.0385736053558177
0.01
0.0102183499447169
0.0229520671041528
0.0114054211609792
0.01
0.01
0.01
0.01
0.01
0.01
0.01
0.01
0.01
0.01
0.01
0.01
0.0275676740516812
0.0104338949273232
0.013453960050585
0.0593814212184118
0.261864472568358
0.117050642014486
0.325055061392508
0.399025349035988
0.102722105416941
0.0357607569802097
0.121657080650571
0.176094814020618
0.416168109031972
0.336596422320788
0.243840290040339
0.30757625354291
0.0673873109594869
0.333545245726524
0.379033766278042
0.125701879956876
0.01
0.0134876049788777
0.0279999984445137
0.0120198990266869
0.0195071301186194
0.0833305237880778
0.210748182052975
0.0417805532623367
0.01
0.0102812080610925
0.0110920070622001
0.01
0.01
0.01
0.01
0.01
0.01
0.01
0.01
0.01
0.01
0.01
0.01
0.01
0.01
0.01
0.01
0.01
0.0175924761757987
0.01
0.0108707242892748
0.0235507123048008
0.305778142486877
0.0856319959432476
0.127657136739562
0.116439640391647
0.0100710862824844
0.01
0.01
0.0116653573990298
0.0490035673724911
0.0205667386298488
0.0451378717892605
0.26574126173592
0.01
0.01
0.01
0.01
0.01
0.01
0.01
0.01
0.01
0.01
0.01
0.01
0.01
0.01
0.01
0.01
0.01
0.01
0.01
0.01
0.01
0.01
0.0103994130717242
0.0112434067576674
0.01
0.01
0.01
0.01
0.0103232782604125
0.0101029902403652
0.01
0.01
0.0317887646865226
0.137705931422819
0.344068714286627
0.0920906801708314
0.01
0.0109436893171758
0.0236887246433472
0.0103412490844182
0.530508389464546
0.430751168237458
0.157892477618223
0.328896630944598
0.349983511519667
0.541905547157735
0.434014090409631
0.427301361446709
0.0553724251759375
0.0282086913456125
0.0100327097707293
0.0124416782517362
0.348278307016617
0.137453250498208
0.0292033230721215
0.101146913715093
0.322354280123822
0.411488680326069
0.349753361308107
0.401459099701302
0.0213228119882037
0.0677110865921388
0.228293653532339
0.113643920249096
0.0166703829278637
0.01
0.01
0.0122488547203759
0.289378609047215
0.0907976823237771
0.0255418991685451
0.0597955212860489
0.01
0.01
0.01
0.01
0.01
0.01
0.01
0.01
0.01
0.01
0.01
0.01
0.01
0.01
0.01
0.01
0.01
0.01
0.01
0.01
0.0140497413927176
0.0102305032847981
0.01
0.01
0.01
0.01
0.01
0.01
0.01
0.01
0.01
0.01
0.01
0.01
0.01
0.01
0.01
0.01
0.01
0.01
0.01
0.01
0.01
0.01
0.01
0.01
0.01
0.01
0.01
0.01
0.01
0.01
0.01
0.01
0.01
0.01
0.385504692273694
0.132917429087189
0.0436022595440246
0.240591738379036
0.412218682422548
0.437731261008735
0.403994676237319
0.468291025742112
0.01
0.01
0.01
0.01
0.0296302783960354
0.0112108290318349
0.01
0.0124996942142204
0.01
0.01
0.01
0.01
0.01
0.01
0.01
0.01
0.0441165101036967
0.0177670966473997
0.01
0.0121938494405374
0.314920902312906
0.128447489253502
0.0255688249192041
0.0481291399099679
