-4795339.88904499
-8091767.19352156
-7349543.86368499
-6273996.85762011
-863466.428319981
-3148427.87631772
-3698722.13058509
-222995.706703391
-7608408.90927472
-6627431.70349446
-4732711.33377014
-7806910.62604651
457589.705065635
-932407.529377273
-529991.684577309
-1626182.43966754
-5471988.93619078
-276791.183614973
-2911371.79709356
-4309996.17802821
-14270045.0298977
-10227311.063275
-7078001.06027908
-5581681.16506583
-1526637.05781227
712705.17721118
263613.814522082
-4397795.81133567
-5688594.42947286
-3032998.04804317
-7312975.27314056
-11937341.9203778
-3931778.0439525
-349042.658751464
5568373.53765203
-203527.457498492
-13400108.4200799
-5772146.84196789
-16675700.5601181
-23480198.422108
-8398870.02534324
-754124.530630725
-15586575.702599
-16858238.0654555
-9959297.28746232
-10778225.9639953
-11369729.7836294
-15287841.6754904
-7986395.29095137
-8630590.20309124
-18617247.172169
-16690568.9001077
-2779492.55088849
-2569461.03754073
-7694983.96360113
-3473107.00108009
-6685634.46569648
-9761943.47127958
-14058487.9751013
-1899975.86672274
4866148.48562183
1007279.14359157
2886600.47930829
1247842.15284975
-1597761.91907138
1490824.53127696
-2300942.44220493
-1818646.39292794
-1267335.19194465
-1910913.69832914
-888718.043580868
-671726.363323487
-1073922.54537722
-1948528.00204915
-3371568.34308731
-3235232.63910709
-932006.857669442
-132520.615708224
-1845321.7262945
-117271.112452848
837954.571840718
-125477.284143303
-279941.951540635
-64378.4797032727
-1087392.70101593
-572555.163806477
319952.641210641
1365595.61711554
613770.255281766
-433436.309005394
-334880.924578878
1192821.78374976
-811063.410117951
1358309.66790155
1140927.30809268
-525900.189965288
-15793003.0136427
-11422470.0464624
-13828848.9830349
-16537926.4020679
-14946967.831361
-19966835.8632782
-15394260.4139438
-5568643.01451275
-11626510.4653247
-12527340.3387845
-2353980.68241181
-3794393.2594535
-2202576.95121776
-9724562.93054299
-4293746.07767531
-1701471.99268304
307634.432269985
305370.277985063
-83811.1245065925
520303.280086641
-2191010.90132434
691089.128328443
1013826.10804768
-1533563.82989444
-934533.305878288
-1566591.51134611
-304403.210148031
176040.335817331
-2834878.66400374
-842070.488504132
244829.134798196
-2645783.01798468
4715114.91377527
6082783.54892625
2007115.40969763
3829899.95978475
-801233.04800689
6732214.36521147
4760222.2793684
-3168470.82057931
-3561953.68996276
-17787558.8217312
-8028225.33145253
441648.233506229
242596.15832198
-9832813.6178879
-1571930.33506477
6500516.32844704
897934.851894427
-2614359.8106547
943265.326378319
-292741.441696847
2404089.25354813
482604.785876239
-4210360.44651234
-6902435.85146898
1612154.01360558
-4293193.48093089
-11139903.7505387
-1183182.22583008
-3995859.1940914
2939036.99690269
2178953.72970408
-1795974.16206059
-5301709.77820745
-178662.049738646
-1079217.20357242
-8437901.16896068
-12823125.8361246
-6558835.29260166
-4059856.53852124
-15416068.3152692
-4527368.48236486
-4523481.01602013
-13278233.034892
586412.493443278
793309.594172021
-107461.265789496
1100451.35734737
-180774.927576239
2003073.20811927
-11848682.957264
-14039812.471145
-1230694.20331749
-1637826.82914957
-140547.762797038
391055.557648459
-3056543.70513245
-8922426.69459763
-2201515.62681891
-3005144.68346861
-6431165.10063583
-13090747.7038488
-1018298.95105401
-2243798.4827474
-7814007.74290935
-804116.263749009
-584181.961533582
-1315185.33083683
1840298.68561183
458533.242698655
-949026.260084242
3158897.90333483
2077075.72631523
-4515008.54480612
-11516018.4366925
-8692096.29830771
-5017735.05499317
-1841709.18288022
1124500.01852417
1029907.97929695
-1679922.17252055
-3575495.38325077
-7828937.4621181
-8311800.54683907
-3545951.51121437
-1202756.04791366
-524205.904148125
-2034721.53626956
-2013943.95587985
2779567.87073954
-2002686.51598098
-1545924.97402941
698564.187222425
1734228.76635334
5249717.57742901
1601467.71264931
-1433923.54099056
-6744994.66635102
-17502094.8505578
-22698601.7055906
-16433076.4688855
-2474219.49047846
369414.372512195
-6226456.97710009
-3623170.11518777
-4088367.66450825
539400.312810071
-2003637.95647826
-9662317.3276094
-16519616.7999488
-10801385.462599
-15885606.3701309
-21947358.6026673
-13039157.4085086
-4289105.11857323
-8475173.15135265
-14955754.2815923
-23908390.351472
-18281055.2865772
-20360352.3758334
-22571122.9554866
-22690265.0487917
-25348231.8755981
-14742026.1461157
-6833514.65931097
-2210974.19110775
-9906170.42838476
-2331165.78391275
-2503232.54480465
-12729756.7587879
-14005023.5459508
-11464287.0765592
-11238885.9531883
-5369542.73816363
-7891350.04625962
-8324544.64055483
-7000988.949879
-7959052.8679978
-6441415.42357692
20788.2570102033
-6679283.87878767
-8540911.93561399
-10397888.8553518
-11849857.7898917
-10376127.876706
-8099724.76734057
-7871435.89989979
-7383313.14837551
-7896757.43284242
-9627307.57490966
-8645666.22874576
-9064385.06807829
-10417766.9013319
-7017205.74000815
-6839994.68239694
-7840863.7127272
-7939831.41481455
-8424454.78584862
-7988570.9977865
-8618387.18375771
-8948758.03042056
-7987253.365497
2251974.45950728
-937643.040715822
-11972168.318967
-11842670.8105251
-10249850.6856758
-11639121.4240892
-12615500.0231154
-6150336.54435021
-1359485.54247509
-4944713.51257525
-2542641.31954095
-9290107.40952147
-6279060.50949347
-495088.520413998
-7828745.71169756
-10347866.4954973
-11955500.8382522
-15215952.5373279
-11997465.0477786
-11116609.127441
-10877197.8708031
-10114254.4854569
-9573749.80844445
-8331965.42014457
-8189532.34487336
-10411635.8617
-9175464.02599803
-11118211.6497727
-8940027.02564503
-9460341.04794635
-11555061.632274
-14206199.7872322
-12947180.0442776
-12819002.6578829
-12770446.1176933
-14012602.4940583
-15157652.7499639
-13680452.685667
-12246245.2594326
-11429918.3992206
-12035678.0207949
-11026042.9894549
-11543586.3524405
-11943022.9147251
-12673642.9200705
-12754746.5088874
-13229212.2940851
-12931741.9583457
-15577570.7542302
-15522733.4145837
-11733486.5756923
-10762327.4297771
-10450846.3931576
-1400695.96976011
1453355.01450536
-11929892.5995018
-13043110.6863103
-14162077.5649483
-11956192.7841915
-26727821.497821
-22362821.5598873
-18227813.7882992
-21596675.1220305
-13792334.6313358
-11164491.0069792
-11785427.5821568
-13423581.1059696
-24275616.65141
-17897913.6362302
-16456347.2876128
-17332640.2086304
-14282922.9376263
-12134499.6329536
-13015917.397323
-14407080.2640805
-14720297.9741048
-15402905.2705778
-15739971.2960531
-14602399.1703218
-24923280.2371789
-18834119.8271387
-14308155.4483335
-15600962.1009407
-25816306.1144734
-25209034.7834423
-24444293.7157862
-28210518.5780538
-24853399.5345161
-36311411.3000236
-28591714.3258061
-36834638.7468078
1587795.62110379
-11322827.7968684
-33532576.3271784
-17552002.3046088
1351350.14407675
-2493389.86357561
-2982434.8859431
1596068.33857291
-286091.644294196
-1375876.79804882
2192385.92355192
-832029.639687153
-5572455.16493862
-12009780.0005954
-11690148.7124854
-7479500.82635906
-3847076.19950018
-4858339.78909109
-5408379.19386241
-4958060.70311652
-5649027.90507587
-5873616.67210793
-4649454.13984024
-4300502.79536457
-2423582.6735664
-6778623.05249921
-8802918.53160233
-8101457.7344763
-761188.002580151
-1547947.71439027
-1453856.71919709
-910499.513758704
-981608.687175592
1117586.11732258
641840.745209006
720991.031479088
-24489517.1059018
-17399078.6601537
-13511459.3365811
-14886310.4752528
-23112079.77594
-25573509.68919
-15377062.0087483
-14624963.6112729
-13225482.0031634
-13333876.8548639
1579452.85435988
-4103685.77530213
-9109618.15404868
-6635789.19841541
-7046922.59821314
-9990895.20314124
-2324110.51863975
2974639.42812293
2351585.17530254
-1901298.61990324
-10802096.0819042
-5313617.52743891
-137390.59000968
-7597170.95975701
-14695130.4487467
-13997877.437539
-11415836.3957025
-13586071.7688885
-7966527.36027182
-13784774.1269869
-12955686.831332
-10296371.2793274
2117033.87168388
2416812.73270591
2639949.67668857
2760730.54754523
-5703631.66874336
-2473187.14099396
1631390.06492314
-590122.76834796
-2763295.97912488
-1495985.06648567
-5498334.83048361
-873399.0427021
611425.787343172
-518301.111522325
2081266.22104566
1706662.74399989
-6517107.75357302
-10659015.3499946
-13178805.7310887
-10989313.9721036
-2883501.35388721
-3515185.01238008
-7067052.03821261
-4673930.23934423
-983261.740766305
-1753583.48143326
-4610021.8797634
-4412336.22904199
-2643190.65231093
-547700.888014654
-4706630.86153838
-6471362.33034899
-761977.559455059
-3227718.91297236
-4873652.75739708
-867607.569717592
1531678.4597115
420436.768322963
20713.661878593
1115380.89115427
-2437116.69594558
-6124514.09640314
-2793229.53643327
-4979961.35622317
-10800636.6564179
-5677861.30273581
-5612146.67657239
-12721172.1254998
-9925717.06920483
-4784666.59584451
-8493408.63032034
-14056463.2435334
-20738180.655509
-13613463.5553215
-17568235.1103444
-29111345.755972
-825599.479321493
-11034649.3134664
-26456276.4724559
-1855163.12432011
509155.577472641
-470379.407544546
-487495.374344517
1159740.90888382
160044.006712284
-1491902.77970219
-624512.926430568
318062.473968624
198429.848634277
181120.840601236
78350.1038089093
554444.038043164
-1793739.62664297
-873229.77757532
-1479642.31941268
-1629157.79350714
-2247749.6488181
-2722623.29996913
-1908274.34530091
-1672841.01761655
-1785590.4019362
-1294901.58008093
171435.503961825
-1319962.19825564
-1077766.87787406
-2443972.23321455
-1114903.39207713
-670530.14052614
-120378.510282478
-402886.359218181
-710400.123541477
-292318.973062435
825688.235753607
-163892.524762296
-231335.805895798
697274.689540808
-13357599.2471518
-2572322.09449813
3118414.35084302
-13799250.7538096
-1440468.20140623
-6060334.39319525
-16970904.8727433
-772683.126444928
-2374911.31984979
-8787981.80740085
893460.915710853
2014972.97621384
-2215673.8853701
-1611633.42465426
1332018.32989343
1777203.54583438
1498795.2391733
1332405.81574956
1035181.75374036
1576208.53683842
1995593.53017206
1799600.78370785
1604504.12823093
1361241.09029728
-2700215.41324994
1605281.27904776
877310.539605029
3967896.68384429
-2143352.54836783
-13240677.6000011
-6886060.16890633
571889.149696472
3690323.32159506
2397302.68143074
1795652.58267081
-5427078.86199525
-8573298.44155606
-16191365.7259222
-14249226.9009126
-18899332.3268569
1814055.04739844
1338048.04745141
1172521.78721764
1305342.17881237
1946920.03880945
1768797.4658625
2140291.52391228
1823913.65315186
-174651.853826955
38232.3095109875
-190489.762803992
-663505.914039636
1169136.2073433
605860.122640559
-1335959.6367159
-389604.384420053
-13534901.506313
-3584018.02684122
-10258473.7051865
-7717499.45706962
-14913328.0587481
-11593222.9852495
-6493053.77228033
-7955865.35417598
-364021.136961517
-788257.779799647
-1014910.27727122
-820674.15311644
491769.055744873
-590547.815807211
-942198.817401064
446762.044622875
-904019.317738658
-3137674.37537529
-12424548.570542
-5938872.00032158
-1338578.27399958
-821254.045991777
-4378874.17969732
-2292560.77641882
-8162479.86196617
-16285651.2685107
-10209570.3713423
-5824973.50968686
-2228411.05265945
-3754523.43935215
-2410453.4666881
-2595482.4443961
-1510975.80465885
-1784894.006334
-2625711.71628558
-2342196.62013289
372280.726417498
-1011399.58930652
-652700.926344261
-99736.1922050018
-634078.67628363
494610.869434309
672012.544631472
-1002455.01902886
-2208746.02887874
-1826598.53968795
-481433.3650431
-677862.077646321
-641400.62686394
-66239.3053389734
-530548.6167217
-335910.331351816
-144339.614496625
-149215.18334649
-631930.811784935
-1131633.29287445
-6394405.10481704
-1153378.69697692
-2626508.5201778
-6717283.49038227
-18513292.4730926
-12281238.4610847
-12273115.1572445
-22227383.3176997
-4574693.74165059
-5796080.30824495
-2044857.33067326
-5080966.00179218
-8940633.89785759
-5443752.65703733
-8680185.00498713
-10777883.7591029
-2215926.82730087
-2341906.63547536
-3394612.78189053
-2565274.37319446
-1574980.14925515
-1873633.3590339
-1294157.84112374
-2016465.61274823
-1953956.46455838
-2221082.17664089
-3032862.79177654
-4587985.4570706
-616498.444198055
-838733.795621973
-1238567.02623744
863127.576943408
-3491774.90498416
-1438086.20117052
307130.05680288
-4403013.13127396
-9865847.00806621
-4038202.34440307
-8417051.97751492
-6947442.4296325
-6024411.60816689
-3567128.11583539
-2751348.37836419
-4928670.45106228
-13862809.9617107
-4363818.02407725
-61711.709816209
-9869244.42180915
-8443598.65259979
-16365410.08893
-13948938.3625084
-6072883.74773897
-11964188.3480159
-11074610.2081359
-15306475.8116497
-14302715.0617736
-6079546.0183743
-12359848.8650841
-17122168.5347749
-6396489.30872022
-13758228.4252238
-16394998.1829162
-15625831.134041
-8267207.77182564
5397057.39256208
-9783360.85467588
-221355.998640475
7326816.25563204
6739700.095897
10215403.2996079
8457964.46974605
4504687.37887581
-14757135.0291249
-22142741.290389
-17875256.4272941
-5136911.34115429
4865529.0339063
-1389769.89082417
6473459.46469494
7518907.51304733
-3398445.27902184
-8892988.73315682
-6517069.18275023
-3926134.81442232
-2902588.23760558
-2942731.09517129
-3132383.32638817
-3307591.28493606
-4725805.81298831
-8209364.51780093
-16149948.0439627
-5548241.76037461
-3344599.52891057
-4204217.42351859
-6687838.04158867
-5824184.84204811
-12039471.0640261
-4593675.53576557
-13591725.8463822
-22485907.5166823
-6796140.57886408
-16525391.6981568
-10500394.5659822
-863209.515796314
-2519873.36697051
-3429608.50680286
-3282141.66087646
-2396263.9693803
475212.89693082
-271460.201075834
-4480476.06211722
748681.160328107
452526.19644453
-1362778.63853565
-5261238.32645469
-1682713.20083357
-3795610.78445441
-265737.924399297
-1985767.18593814
-5967178.5426963
-1955671.73140363
-1221255.15541576
-2321256.56318466
-3034611.02837991
-7774226.82396152
-8538043.20234014
-4079172.73615068
-7043710.58036763
-4888932.72493036
-3169763.10710478
-3321179.17905967
-3721184.18549407
-3105171.39368148
-3975928.66015909
-3703595.98316873
-2136886.01887971
-3237544.31273913
-3102077.34288416
-1848364.22362471
-2360012.21156599
-4585361.91442749
-4363695.77526134
-1452974.35726118
857059.723751789
370321.820860761
119922.635641212
404855.783615949
861312.749176154
-602753.022293631
109475.632076699
-889688.607901413
-1040969.32038024
-1291215.07328259
-172974.778398994
-1148244.03131371
-489857.481103671
617342.052148712
-922077.454862672
588280.235204802
470390.854651309
-936011.327264427
-2483118.36351698
-2026297.87834193
-1699820.50585658
467220.666458426
-7906.36685179453
-1159259.48856759
-221014.495507056
742003.685764459
811050.73207731
781820.898152059
580454.011436261
-1925758.82837781
-343835.587538204
118856.456811104
-1230122.86874659
1021417.47826989
325368.675775153
335568.198533276
779757.302763841
-1415478.97174841
1044931.39319225
-360179.097244681
350059.493290962
-1219910.30382186
-859474.611740112
-163496.552664119
37991.4356670836
-481332.314101077
-1349534.02726709
-519136.205360216
-333233.20887
241985.603676297
466617.445801073
228185.243405467
127289.630704418
-680444.10066507
-1120148.15812778
-2897852.84928649
-3080418.47341019
-245715.742625144
-1239520.42285307
-6928912.31887318
-6240217.77560791
-1622240.64457546
-2958813.90776374
-8436130.51916516
-5950091.39371421
-1735018.00946581
-1803992.61604573
-2113782.03501237
-1770137.24624831
78673.0950544636
-773397.48858168
-825217.48505365
117264.97531859
-2750140.5117715
-2304714.21788378
-824876.982527296
-1788260.34140891
-2185918.42649735
-2662652.00512537
-1838112.14953504
-2035687.96036054
-958101.733409582
-372313.926834173
-1582541.95330614
-499827.857592391
-1931177.79990851
-1476017.61093939
-990873.722503176
-1655928.56992938
-1782018.85859163
-2102231.00256965
-1910229.34481006
-1704778.3383859
292419.070643969
-985317.658809895
-1059690.659358
279472.932560735
-631898.829509092
-128874.467783417
15990.2126505367
-261616.430434968
-3288410.92886133
-3404284.67176658
-2689422.65875371
-2569156.72628067
281252.826383662
691638.817826495
606038.091753824
155057.286986655
-275417.734600806
37388.4781001054
123199.15792505
1014378.38225174
-5495333.19892347
-9595357.80995426
-3993902.73819833
-7188923.37032565
-1119098.87914157
-1538492.84209559
-4220658.82753422
-2348819.84600713
-13763848.5948106
-14542951.9438503
-12583586.2152803
-10230854.3028255
-6026234.58843259
-9918343.22918399
-3890674.86316422
-2556461.97213777
602278.190354822
554285.306162621
1574733.73333545
1806329.85196603
2022069.11957001
956889.414194344
2297072.30446854
2875572.20684162
-1560402.3778492
108498.521703098
-5850261.46248678
-9316312.79018833
-7852465.6619854
-4664593.46011954
-12045607.1927455
-12792827.6388265
-7831247.24995753
-14787638.2135373
-18750118.0758828
-9685787.27201868
-2687725.76955151
-2593656.22529327
-3141755.56613987
-3464254.83997671
-8612586.49634485
1865587.67353052
-4159457.22556782
-8632700.98263342
-3111824.89484391
-4538691.17315582
-2253354.50106847
-2312784.70135708
-2522051.50312959
-2423222.79876161
-2873085.97806075
-3036738.30736287
-987529.295704121
-1914207.76575808
-3164072.56214157
-1968047.90486687
-2272386.51538127
-1849003.85032697
-1797346.20603678
-1760891.55593647
-2166954.00534156
-2670541.98766254
-2337915.70068318
-2172378.01072336
-90065.1068101314
-1118066.04858426
-1380899.93634861
-404102.221458316
1268512.82774169
320461.439477425
-159342.72596947
1168609.27588794
-447533.447131106
-587535.737156675
-657411.441885008
-157424.234663849
1264574.01908057
214048.258996338
805539.685825275
1361840.40807176
-862354.518034215
-2262251.71224435
-1308231.0029348
-1101240.38751381
-1018126.16697263
-739008.919243523
-924578.135880967
-550910.585551942
-1331092.26602007
-960462.416150767
-1713471.69125652
-1598350.54390313
-320376.396635182
-1075116.37636489
-1481099.49711254
-677254.709815974
-545350.306760471
-275447.332237126
-370294.016184927
-290978.908455513
893626.625171772
-375602.32905036
-5744.78132036666
1122010.67415999
-1470132.85165715
-1484418.07182026
-740422.81537745
-1020462.11676627
335772.68545052
-983535.11609566
-738902.659242834
570635.920359028
-11937246.9125178
-15235675.5760016
-11582619.1857396
-5589497.83558331
-1966549.04866279
-6659210.38420355
-741141.746907887
474467.662075611
-150078.441107469
-5764666.48786294
1038264.66679181
359206.937119426
-2542957.51104896
1081466.63832903
-3197578.0004052
-6724035.24792535
-8420524.24058657
-8694464.9763502
-10117713.8411654
-11863709.9991136
-6544978.20191193
-9171059.68071796
-11331115.1868045
-11097553.9966361
11044.1071306299
-1255320.30312531
-3407318.35820358
-2441496.57128082
-2711005.65349199
-1128485.14857256
-4405770.46579809
-3847628.38188855
-1579922.95152715
4465932.7723321
2136403.54087086
690869.495054395
-8511865.62149494
-6338776.14173977
-4625544.47757247
-8320836.2250618
-7268382.9946136
-2134636.49540989
-6786457.76932965
-18246681.7366751
-6323884.05545826
-2130544.93407118
-14304071.5382214
-12397077.1047398
-15083175.541466
-11742450.9939634
-15595631.95871
-19046604.1122869
-20871097.4406103
-18068281.672879
-22036953.4948519
-21952850.6730973
-9854265.21131588
-8989248.82672185
-8826601.96682703
-10686506.5647257
-16053622.9197648
-12687930.8691444
-14957073.6765646
-19278171.6683941
-9974970.3802654
-14982238.363254
-21002474.8890282
-9158724.94707549
-1559086.66302975
-4100452.1587363
-2794002.03594839
-3405733.46314287
-11290959.4318094
-23115849.3749449
-21063486.7377928
-9447113.35626072
-3412743.01391777
-5199652.37512218
-5145534.15694002
-2404300.24118593
-330013.002164536
-2211446.78878438
-1535913.11800975
190707.893020335
-112685.852657776
-175853.235493178
-12125.9523670711
670853.847270736
-1479990.35717605
-374471.592865359
-1621419.98228098
-725974.104187867
-574984.717444259
-254743.60229726
2609970.37790825
396536.093923854
-8821685.14045194
-5455660.07192647
-4754315.24043967
-4441894.96977201
-17135066.6221632
-11658311.0845813
-7516961.92706575
-12419749.3058104
-2687192.12261546
-4957125.54916463
-8007418.18062162
-7365735.62834383
-8791881.95672065
-7411754.70373955
-7351500.88367977
-3707034.49359917
-940897.490975039
-2233490.65285946
-882295.666250541
-1139704.39348144
1328880.44036918
94009.1062149387
-152967.805770251
1356673.6249389
-1475330.67877826
-6028611.52724672
-3544385.6533201
-904527.597100857
830243.231251021
-403997.747927879
36918.7557653708
1131400.13112
-8314223.04640148
-13708461.6685856
-10425828.3438771
-6335820.26130972
5124909.32205386
-193548.048238304
-5478120.97073737
-4468325.78727809
-12856114.9509793
-11289713.1785524
-12215709.5981106
-14240327.3517377
-14428059.8032192
-13267314.931789
-13431331.4262455
-14033999.2840006
-14809495.6970998
-12551499.4124314
-12258977.9459684
-13723213.2340273
-12335792.1268179
-13086541.5642088
-12446402.7695215
-11150790.9649299
-8462952.65261792
-8080484.33348131
-9448882.88163782
-13475914.249128
-13169437.3459652
-9882170.26971014
-14134856.9403889
-16257694.5534106
-10403526.7895464
-14671480.5504903
-10672361.6637961
-9015361.54802142
-10000079.4126652
-9319320.72517518
-9233809.60739782
-11413357.1635333
-2504240.64463822
-3163931.83990848
-5478773.08763959
-6721257.90249393
-11911792.8733959
-7405594.39715507
-14667265.8937243
-14589075.1974544
-5542643.5175801
-8374734.19057188
-10464400.1135957
-7839952.64487191
-12123013.0436977
-13753973.5563173
-12918705.8705854
-11865915.8959263
-8624255.32855659
-9569960.18818298
-9210758.7134917
-9345670.21273267
-11542955.7732903
-9368650.74461913
-10118897.3495511
-11388725.8798567
-9340421.35440078
-9881328.63610882
-9602130.54821477
-8245034.07920624
-10354606.3019244
-9992217.96756639
-8366036.75946208
-7729956.56444517
-12431693.5696461
-11290141.2408945
-13858486.1283195
-15713349.4991896
-11901941.9028585
-13253408.8476525
-14316887.6757109
-11259915.0205556
-17911108.230345
-15959777.9424809
-16841121.6147867
-16567324.626534
-9388052.09962961
-14985093.223104
-11927865.7078344
-5999666.22902957
-5646948.47685317
-6888419.70089307
-3352680.84173499
-2002392.50888776
-5380875.54797092
-5047867.92586341
-2020293.1536462
-3364580.07908755
-19831493.6179883
-16558004.1394541
-24930202.5270035
-17726033.7970136
-11528585.0302281
-22711286.6749815
-7668830.64135379
4971136.98764832
-11751185.8658856
-11574426.0816641
-9980197.98635682
-11101782.7801238
-11414339.5386731
-12613311.8184551
-14073874.5377824
-15231093.864566
-12073136.200008
-7513297.11313218
-6268274.70085442
-11572872.8755994
-22562506.5884802
-15314186.2010002
-15456553.4578308
-22368033.1041508
-4919198.33168792
-22712966.4434734
-13608066.3479919
-1876920.30602444
1614307.27280392
209810.579606359
-588253.864430924
576348.958072653
-8720286.8808704
-12506066.8547367
-11433104.1010614
-7756228.23843127
-2294398.02457094
-4970996.89252753
-3757295.26152951
-1819161.56610764
-5578068.34506019
-10585551.3994571
-9787955.9557865
-2499635.41172187
-621642.147969082
-1949498.69799827
-1311733.65501333
-2055346.72246555
3043967.78302466
972475.731245009
-1649061.63461221
-180307.305495275
5969870.27253249
3923377.57171358
2933468.75566731
6646721.71057827
2730294.33984603
-8681.1671135705
315499.60460772
3964924.2452059
395035.086008932
2252091.83983413
4934910.56373779
3876780.10688542
847492.020971625
-7650006.5150582
-3475838.05360433
1594364.23446579
-1736522.52801001
-1551353.90213277
-796365.831582097
-1367523.19530827
-1421214.51170771
-2129212.18980628
-287737.111271899
-941305.288495198
-665176.388130376
-982883.488768571
-2081711.67818514
467692.668650219
-4526993.306908
-1301936.75810143
470145.305983819
-3257668.58497471
-6731308.04330524
-6876246.88752374
-3372869.31242812
-8516521.4546205
-4330536.92082355
-3319612.15925305
-2359092.30030884
-5672236.7451774
1469821.36762133
-49256.1042795796
-3458698.50451525
-3751383.39880094
5333355.29158719
6079185.85366176
1633309.79661
4759720.18925868
3482678.14609406
5026843.1943339
6899929.83727671
8079640.82976053
656595.159234187
-1906233.30959871
-7498528.65324158
-4672185.76094714
6831158.79502716
1370673.40024323
-6288042.37960968
-1416568.35251078
3684622.3472037
6408654.94578276
4789331.14509065
3541504.22758953
-1695120.52671767
-356256.10610651
658968.786315133
-2509257.39685676
-622893.794628198
2736260.75875605
4602913.83446278
2307556.6218619
-1482007.44551028
-5246672.90861182
-1572458.68333599
-732263.791257369
-4440494.59366598
-2458889.46830903
359450.642519701
-3423871.82062153
-7480983.38397631
-5101723.70866513
-4938929.26947797
-6823823.35264331
-1000359.67882024
3014182.65366869
6369983.85601611
2833726.57401386
-5035468.22244687
-3953615.65140239
-206947.180780406
-1648326.26636625
-8991887.73107705
-6027443.46970431
-978871.623862189
-4992567.5050945
-9232971.79862433
-13789647.3285882
-12851217.4571836
-8171316.63738345
-11811294.0349793
-12306954.8305584
-10082004.532514
-12210242.2752473
-8843134.95844536
-9202510.57187302
-12883982.8202102
-8943606.23873696
1246618.07839927
229044.087377504
178231.278544758
1960550.63715478
1406102.04520412
1479658.68238455
975047.762999904
-2318081.93170718
-3362827.74097148
-3499344.45233801
-3285619.73066849
-2136725.83089074
-1729877.46924868
-2859707.71521072
-1433453.38442052
-745159.926241192
-3493981.64273565
-4113487.33858049
-3139357.09831293
-5361692.83015219
-540280.273283159
-1626037.03715585
-4061622.01288883
-1507428.78367149
564086.977002117
70245.4780533963
-160736.377941477
786746.161857409
-1018028.33270651
2007111.2587604
1027139.71046545
-655401.349833998
-19956103.805631
-22664815.5996754
-13947681.262801
-9896082.63407097
-3669505.26437997
-7686713.2427429
-3798867.97657287
-3499666.06790819
-21241990.7233721
-9167997.15834752
-4535960.24774019
-9883124.85922696
-15972059.7928257
-15394715.2733377
-8345528.3961241
-11842696.295454
-1773330.97140931
3077175.49389189
2102586.41607122
-4702344.61160901
-16224383.231313
-11217969.1323118
-11843602.9465933
-15223956.3144943
-8414321.59723631
-16329321.979237
-12685039.7389569
-10402426.1318515
-2274339.02778006
-2048966.07451978
-3858576.03986248
-1281168.50602169
-5876111.8263953
-8387388.02663156
-5411281.23478063
-4524748.42502058
-202538.905870844
-4044868.59127818
-4767781.61214911
-3080172.75342572
-6243455.31231032
-2938504.14010392
-8450150.58182349
-9323649.8794776
-9766096.45154323
-7794084.49725786
-5951447.38646043
-4489115.0281063
-9311065.36229637
-11606838.8099721
-13042991.0592901
-9648806.87401425
-1922521.93316169
-5112587.93878094
-5790686.93535506
-1836613.23857161
-2068433.12310077
-1960246.07321109
-399858.524426833
637697.87298812
-3491068.6711308
-3359736.04863235
-676084.567990372
-2049971.60596365
279995.319367514
-272041.400397454
-382599.525941084
262466.790139544
-4363196.6914019
1044340.4935767
328136.02561521
-6781185.91114025
-1597174.93766039
1022805.57274567
-1257257.23418832
509149.901388795
-3150472.68147402
-4176476.17047712
-2352272.70391623
-3290896.13811739
-1835521.35506821
-2948505.8252459
-2992643.38234083
-3678388.08178925
-5187437.63280606
-2270504.51252403
-3913445.83981121
-7535264.16263071
-302545.32862553
-1346496.21312848
-7726460.39111755
-3898651.69637197
-7409989.48138903
-1600648.87722326
-2186965.08590681
-7229884.04337578
