5829454.528388
2428790.94621611
2473692.78085294
4128624.91334064
21607218.8126892
14277050.339215
10994292.7634665
18160489.3420616
1818748.35215904
5013761.91603028
8365660.68930375
3596502.17216128
15407899.0954453
6680661.71859339
6743154.66208067
15275102.8638715
18132582.1742625
20129886.5088569
21155187.1145818
20563799.3956041
10372480.9135151
13921003.7866297
15864694.8281208
12034097.5717128
22604586.0289298
23891525.7837947
21332953.7241429
20519236.8197491
19975618.1347449
21109769.7676877
17976630.2943286
14575015.1906253
10441569.3479761
9939042.77072681
12299757.9930231
16610752.7183794
20083237.2639109
15348515.5586777
15259161.9623487
13810511.202016
7078310.96686178
8667977.52454935
-3080256.43756721
-1629305.89535428
293662.272744987
2215647.91002019
4812056.46796101
5683206.27908692
8202563.882826
6389146.01674469
5499769.22409403
5776867.43340157
1525982.25463464
7174054.94943656
550846.329213085
-101425.896821723
17875039.5133405
23070445.4747545
14093898.1404608
11421309.7279374
16927968.0487917
13164146.3816057
13739824.4623535
9832933.39154067
10368002.8428821
16832324.367092
3038539.0627722
1357857.39675527
518969.603778263
3819551.73144474
461066.255211837
820258.350447489
385015.892129388
-227300.447040133
-63993.3512494913
-205839.811743091
645083.738707515
767646.20025718
482455.771838255
771679.171713349
2819314.28703431
2753357.19903625
3453839.20934999
3855654.35082653
4129603.33008961
2899942.74766486
4998675.51480483
6378528.13347222
3557697.57582622
2027060.67496767
1785445.4534149
2767972.26027036
752112.086254067
2227132.42927955
3248784.9040861
2672995.43932675
11313289.5016536
16915420.2235532
12174630.5909042
9005960.26749657
7472438.14746114
6580186.51974848
9047185.83157782
10326061.3422575
9582020.53817859
8382378.06254293
14852365.5938012
16651393.3036806
7214314.65978382
10291825.9126186
10965497.816065
3185135.12522252
2159125.14721473
1766877.31855545
2330429.35407255
3177665.51289407
-3552.78842500527
1748501.25296831
2061147.32833154
239410.755661965
2558192.2046007
11031103.4261379
4308375.73011647
1165986.37552699
-230294.128794675
1202023.97079339
1365468.9300108
-162839.68762432
17652975.1261172
10975413.1655024
17305245.9748849
16708495.6160042
8744788.54677854
8995627.86092797
6313394.06614183
7411801.36846753
17025325.5119735
16139986.2365988
27567349.8459125
22640652.4278192
12007006.1606964
9978534.34815407
15656399.5519182
14625423.4744202
17567455.3329795
21416356.4486036
22511919.9828356
17103869.9886239
18295287.2403733
16820202.7983322
16744594.73631
17490071.540606
11899152.2861515
18333877.1072661
14280291.2012531
7351225.10897607
7592480.68628512
5963825.36436956
5501645.99696946
7313311.34975429
-87546.1353512001
2877081.04674889
1564504.48782684
774983.432329367
-701201.333685691
4792023.63692926
3090126.55636261
5128838.77124455
1129211.08028445
-2822472.11379546
-2830275.00504357
9656340.317511
1744453.4447192
2332334.64991598
1987685.43172062
999847.162721685
7265850.08955835
-2052613.02441989
2245049.81633228
7132441.92078188
484428.762465229
2430549.07057828
6409012.19258228
3711938.56299313
1169210.79175245
1103613.22589049
5140662.65441598
5706596.64378244
8572601.27160451
4087896.65602809
10025246.339989
15275841.4965062
17823814.224026
20859903.7074819
23056344.9136471
24295309.3417745
21081137.9605368
15761943.4896484
21016019.0709034
21035133.4036656
9359838.06305012
6658197.19130935
5161488.35595779
7962849.5164514
15697381.8723341
12319788.8445066
11633604.1602923
16805971.8591375
6921988.08739634
4096640.0342441
2307695.81730934
6054365.82693851
19258373.9866395
11770635.2653943
13413931.9232364
21361879.7147962
26688547.418214
25086365.1072375
24600272.2868287
24458353.392018
22129498.0357809
24999795.5248131
23402511.3647042
21175030.6932525
6775080.93300339
8998903.35029023
5513254.71814026
4246897.17453556
4108303.53857568
4966944.89239169
-1290652.03356539
65506.8336124923
18270222.9768706
21417968.9210871
20693819.463691
17956045.2284065
12146182.4095356
15144751.969993
12750742.104104
7202026.09608896
16815930.5985888
20268835.3058951
18232664.4465478
13164227.1072188
4486847.41858688
11015297.1824614
7398146.83065228
5132065.45220255
2955506.56550843
2349222.03952381
8686761.9743899
8055884.87904168
606068.50233029
382293.747898171
2566679.31421149
228799.584874595
2237171.36455015
689281.750412555
2453891.77316465
3602141.76623461
6411937.09614941
5739933.60889904
5130660.11187712
3435023.28633455
4284542.54347519
5609087.57615159
7183940.29702928
1853122.9999604
-230395.709590249
957974.919775563
-2117486.82146581
-2036976.25201563
813461.608582399
-1066733.4625694
-4314164.7699969
-981298.225825979
142036.083522959
163528.724022281
-950477.245285203
-1284485.13053188
5846459.58660787
6180234.79648814
3067906.51341156
3531292.35725259
3938649.87872733
4991126.05099919
2548116.89454496
2123659.44005513
-262272.975337747
6183255.52769896
9324319.88249533
2253712.10352055
-4150962.93220178
-4345044.67200669
-4122860.5957347
-7571952.8240959
7336992.90894864
8477490.84102952
1722526.44377411
7232962.2335347
-4804619.50160359
862579.092574608
5587692.70370772
7440010.13897373
-7615150.59339841
-3837414.50502042
-4423717.79063295
-9601575.89533327
-5018488.60923595
-5258536.71290231
-4840207.13359307
-4412084.63804211
-2976858.48741939
-4869851.02966328
-5405594.11570206
-5031746.03055549
-1973657.24395191
-1941813.09123566
-2941146.49096257
-3976684.06319918
954813.910793223
-1277464.34432488
-2567583.02620399
663810.501182139
-90120.2981154453
169994.020010068
57111.3583411919
-219448.002473844
821233.89060839
-2613535.42915586
-2509597.76198218
-48350.7946910411
-1730750.50006212
-156193.916179599
-1500723.58159261
-3761903.74989124
-785485.719076599
-3940809.31540125
-4588995.86529195
-3137341.0483149
19636133.9222532
11063645.5358144
5887124.12147932
17812023.1713624
10008130.4294584
1458872.38788807
-1787342.5720608
4086261.0803578
10454370.5206085
14906173.3911999
14659393.0687419
16538503.1093392
5203632.59765264
4425329.01843135
3883483.86487448
6271066.13440815
4676971.89954259
4313828.22825289
6113068.05156334
7581985.5598379
4801136.05463264
2086431.46254095
367604.168861131
2699175.40631133
6451155.95242524
5011806.55406056
2188083.52616696
2378238.52317539
8930713.1941091
9217788.38918757
5580991.27461885
12962622.5831971
2640764.4395102
5054859.07797056
11017440.9780689
4995348.24812206
6928609.52681802
1404962.50263121
6256566.13343211
-2997812.97809627
16945881.4335852
18414068.9270445
-4097488.5425231
4350657.41757738
4070829.68791162
725432.16935732
1426586.32830712
2319346.22607134
3779248.11800376
7831481.54635054
4646026.86726001
516390.278077817
-623720.330355005
24060.3472742205
6406087.45194068
457615.817726042
759263.416895913
-437686.057021978
87314.8184244395
-311390.952187182
2122585.83472463
11944615.0919188
2516280.96681445
3835795.0992553
-1599500.90441548
-1317740.50682819
-202929.516138519
-2137975.6653335
4952662.29874071
1172695.95849003
19241.0551463449
3778304.11639861
2094104.16258158
3539095.69703136
1638335.83261361
1904658.65988806
-5868549.15012698
-4597533.62400768
-391311.395734619
1456618.16781752
8235361.84851625
2259144.2224458
7336726.1939863
10547941.9982171
-2837774.79500197
-3045771.19793598
13420801.1697523
3917944.18525487
2171775.49380998
2886907.40172939
-1548203.65700843
-1510607.76052251
7933308.63303115
16381298.3968459
13846607.6782043
8927769.25170149
-1961205.69823306
2953078.80719828
6819580.45633682
2027244.61703617
-1208062.95549403
-2749118.16023642
-199006.427119876
-1701980.78830527
6771172.87533018
-1548161.83572971
-3626499.20319862
-5289175.09865154
7636728.34239443
8340531.2620627
7556187.198161
8495241.87434268
1215815.08777028
4269514.85549618
7674613.11913585
7138679.88775366
5395597.53914866
7658713.05386031
2117509.52597403
1812783.99586005
6788921.06552099
6095909.67814653
4457085.09181441
5605333.20891507
2738145.33169801
1800633.91076239
618760.181268979
2048813.83231364
6339848.8903672
5103574.51115883
5734628.45433485
8046172.92527404
8509619.49290907
7933175.46769514
8210841.06933668
8568230.32765864
6586474.86742125
8703889.7656201
7091287.07098988
4393672.2798647
2765535.35888215
1296937.121011
5007370.33387535
1624636.54471626
2780364.87356548
2431103.94090868
2366614.5106586
4136266.87577853
6686102.28969682
102406.809331147
6715010.95580847
6645715.81041425
2304233.0106409
7446224.05871469
9937301.53394139
8284948.16335653
4503669.57782445
5525754.51778145
3996531.36675402
2655103.2452489
5725984.97383353
4387057.58488572
2294957.89352498
2508911.04887445
5049689.68951961
8172864.52491208
5096223.29304828
14070129.6178394
4460548.88000037
1915689.60367231
8297137.68842517
5036619.34418673
474314.252880925
9247.20977323176
5022.18937894434
497493.718972809
626195.363152797
1699746.39813977
601655.09770127
1299556.43734786
39523.2440372912
212715.187018985
90265.0327330306
594733.974223514
285124.517532763
238554.051976166
463118.93734017
-16111.5136428898
1723162.50117147
2297247.17000812
5823470.99742694
2944204.4966636
-542899.949587729
340775.275244614
1496795.43708919
11220.9026047988
677246.48132905
83272.7100391858
879113.465108494
909645.456606761
1537935.72916114
1023925.64458312
1181595.98935209
1804369.37772803
-611748.630601014
2243527.72337607
10144817.5994568
-1011631.64653594
1590017.7020238
3340387.95204688
-901237.313621956
1406373.86832119
2498115.05475212
1358893.40601179
3617354.92686699
2411639.41637277
2976271.18514774
3803820.71853755
2477479.76307684
4186500.67972991
1862125.29764923
2001834.15467978
1675252.18169062
1684496.90624894
2366384.25115762
2136654.37468947
2139049.59036541
2118690.51467159
1911558.51090224
3239522.54663184
2545618.12137791
10769575.5352417
1729592.82180525
1233600.47602334
12301164.4068483
15524607.0935361
18307840.8790605
5575334.96955661
6472977.76678525
10988193.7742893
10304749.0835848
7887790.4849874
14071821.8323865
11256955.362409
1948364.52588133
1825316.7938081
1493728.53205723
2032025.5331835
2579679.15030155
1901817.71732272
2676412.22910698
5071294.39565426
2448755.12474642
2251344.13350034
4156275.06354936
3647108.07907625
3890390.59539417
2524406.5259937
2505192.38970215
3507125.05810104
8306970.12149322
4925586.75158569
7513037.22868602
15124783.8168122
12862968.237424
12711341.6270764
15413851.1367329
15752099.2228994
450947.439976322
611735.535072223
68439.7819277915
45951.2459023475
1819843.41655917
1182749.93916453
1086522.53498204
1590415.11614729
6788762.68534191
8829280.63199033
12155188.7199994
8658828.06482951
744892.097067059
2629780.08165428
2925254.05493259
1263399.69005087
6678244.37450334
10190131.7502967
11466822.2041653
6802886.9204157
1268556.24816797
3925505.23375853
2731710.51103078
535340.068245385
129712.540815673
-231439.219967909
-360438.890007494
444075.794022176
1788765.35074224
868744.412164226
826292.59441667
2484316.90767339
5870051.59776534
7367675.9114442
7996137.88816489
7701158.47707386
6837439.11754394
4285483.66169999
6040460.55731421
7684769.0710121
3137826.78502062
4227409.60166938
1679680.84046158
1797399.51226752
1889661.6308446
2316125.06687744
813300.835941008
-154427.777793665
1714902.77825017
2660121.54692479
-240134.77046313
-2488231.86054014
3551557.5151273
3110029.47834701
774834.740593149
1483371.96886614
13794917.6223178
13140168.8747403
11461110.8756768
8992789.01894614
7983022.41457963
11365993.8423653
5803271.15250132
5922683.80406345
1426406.03370082
1331162.53709901
1415834.63308613
1301455.47937246
-55646.6849786015
946812.012586049
1534309.6076497
1113934.68369995
1480877.61775773
1755120.77255485
-252210.168381875
-250948.444147856
1999401.26366024
835275.988817934
2310181.23053888
2281990.1597635
3076.39959397493
1324643.74803294
3387988.46065552
917388.614277604
8901790.27379772
7025603.11456997
6178632.50989088
-2109403.91390709
-2918901.31624266
-1884224.85394336
-231172.306231027
-1929375.87471161
11141376.3166495
4912414.02024194
8649724.93670799
10168951.5737547
15407296.369258
14478945.2535007
19442435.7523708
14720443.4316171
7526220.58510237
12026210.8488054
3542036.08922194
3870495.32922868
9680132.7344624
20050899.974504
12193477.1877917
7987455.36167214
6735132.21635347
2374749.85333047
4540046.90075094
10280132.293081
13188974.0918944
12921997.5754553
11660760.6638809
13935341.7240691
12397941.2453133
11317674.6325234
11478538.8430073
10670362.9488356
15835325.3201243
2698604.3695565
9910536.08444871
15131371.3719165
6482116.19190753
11335888.2688008
11670494.0526674
10911083.9805265
3856628.60213463
5452624.60258418
5070611.33855934
1758263.4000777
130549.042892666
1228916.95740317
718715.825289131
340348.892272143
1313534.14481319
1320258.4033992
3905185.22383856
7856543.21593574
4230904.49321902
1564006.95324193
8678105.63736049
12561055.3649555
7236189.48168632
8584206.85256169
8994994.84824377
9789903.79468318
3517236.22060659
5903619.62236581
6924885.99535474
4703000.01176337
1594587.00668947
13702.8941230278
1963508.41736899
7149112.26719297
3330096.01338313
3051249.43496616
9464742.19354252
7386104.52638509
9573547.04057054
11077702.6514131
10635068.6760814
10386383.6258882
2824862.88757045
9426027.01878384
11495843.8664187
5300291.2787713
10483412.092947
12260475.951571
8380155.69559591
10732936.0184283
6800031.11284739
6780936.93639841
11367752.4024528
8101666.02516776
1590068.76226992
1082222.90503645
-49066.9008734194
-15967.1356190885
3589756.65658755
3069560.59548097
329193.140437623
1099957.39188914
8078857.54957792
4470895.25690993
1282260.77944129
2086196.05021114
3913438.52735259
7389873.11669276
3914920.15504991
3761662.09083242
2150525.04310859
3198561.01501369
2260385.95972296
1844662.42598517
14404174.7673276
4569751.51071277
1439941.37994476
4318575.76543624
2552397.35354176
2078434.22019158
2039086.5191969
1789074.32355916
1816064.44991442
1943832.56271842
1424597.39876028
2461096.17630881
723257.134292442
751540.282361633
900675.250514929
640328.476324601
2237947.83771674
1221731.63966147
849153.769773595
1539206.98749879
1506413.33895019
1809055.45204426
1941163.67619113
1504147.66135191
1620801.89412586
1730471.83723409
1623289.65499406
792661.170901051
2246538.69892279
2251443.94769056
4331003.8264554
5293650.56659533
187380.752848792
1503119.63606793
4247667.81380987
2731540.69131296
1297202.98240687
1400182.53074232
4271564.00692562
4321210.81740398
1719551.32136688
1284846.65587606
3631360.73271238
3199854.06174199
7445490.97533847
7802307.98339411
7636823.83272982
6097173.37872149
6917120.7832491
6899936.80913055
4621037.40367374
6593765.98039286
12414421.4854667
9979502.71785832
12112396.5073433
15652246.4482633
6113337.03116527
10770608.1918308
12938086.051391
9488619.91482217
440322.421731382
376791.322000327
81801.3104831845
166280.892970422
1533770.77856305
1244948.10148982
452608.239005752
1272971.82519415
-240316.417208158
-165699.869217128
133539.215439179
-149362.301417402
428059.872788564
97951.6384210016
128917.447773807
344269.016906596
8114.22880574176
1947975.23477955
5025597.77818597
2599461.21911836
205381.847356663
156328.824624762
719530.656916371
55781.7890623711
62112.4767258498
-54315.4872893508
-245504.471240671
-49095.8449321999
1029481.18329992
441287.243807155
518932.211885692
1031389.53759165
3131705.60836426
3609701.9868564
1402197.37007939
1329715.8208965
5632718.82351758
3303752.44483191
2298306.16600947
6602182.97574465
2005101.83910007
1322632.45199816
1992252.7575725
2673890.69847657
4961605.67238998
3295451.15106442
3733728.00442218
5149324.74072137
2728508.01286786
1759706.21681515
2167875.64591524
142375.001089748
1543774.12087112
2684912.93069346
381256.319480331
529672.989200358
9921464.01359987
5768021.04974595
5154192.35604547
8473239.51139331
8233294.06862722
10898918.7464001
7773814.31453615
3974850.72069517
2342724.24305797
1695656.25081244
2289320.12555377
3032879.45758808
5618234.4608568
3493551.7083228
4890454.79895557
6904859.27471475
3760497.2950475
4461763.88465167
3030640.96638884
362722.392996766
-1999782.75040807
2257219.83860495
-1788568.30224017
109340.949407433
-2972283.09481551
-4508866.08078531
-2205148.58269389
6454336.00067235
66276.130562583
-1188008.51942007
1781620.11059803
-809074.866933444
-1224979.42782357
6325263.50371137
491930.492179015
-597406.27038784
-151837.831271335
46024.5042010993
-1250452.31531197
-724758.085386548
99445.0417278428
217343.023715852
221242.914970626
261347.724916006
-210129.674174881
44916.4215131911
-131055.590880592
-138197.142669169
77923.1518129588
203964.34562365
-77110.5261301846
266397.272869914
-375462.166498698
37272.8478787497
288106.116623904
192076.210803985
505082.859641114
-282889.018744008
-214268.590833324
955319.408947434
3116135.16526364
1428459.29144165
2529383.89508291
3882279.95987636
680486.139150637
100599.124546547
15195.9397230456
33390.6874021463
2127158.02151392
1191884.99783416
1460042.6063567
1982848.60019496
2829042.28661807
4506825.16476837
2197051.04590317
1124666.52289872
102002.712640671
1573569.30802743
833356.778280469
151721.464272067
829157.319520192
1404788.15150814
474528.240021576
613510.040943128
70506.5695782148
184222.322336137
121426.784561897
-187392.054503448
237731.739978099
-7879.38540098927
95544.7576914196
527041.233271816
1517827.6580296
926306.44567089
1106145.64473651
1800146.16178271
-107071.229580417
-406374.923401048
-324681.554809699
-61301.1349733692
1180100.27218015
615917.425286486
748940.80539974
1331691.93161198
-268858.588308223
-75153.6583102569
1734986.05115132
3733256.34409591
4260721.83054196
1376503.67246349
5505162.23703866
3386937.5225358
8205962.51327496
5424043.04832851
9568185.04603442
7897257.18292018
1343719.20317455
6755645.29255196
3722953.95589023
-761416.958746566
1598781.72999173
394876.808967145
-1151693.3183414
-768851.943786439
2309524.53941817
1326472.28640819
-987733.861110942
1178873.82946548
8817670.95390754
7648178.97531491
4118639.32667392
5792471.13394022
5361508.41247231
7184246.68317119
4838870.18048053
4344146.85939542
4739294.84340147
13951294.7919998
10190021.8379401
5638902.15429664
-2248237.71964533
-238672.73297689
891313.693584001
-2963844.11392532
3946682.65470214
5693390.66270606
327017.467762917
-3074699.24148406
-16184.7669895249
2132824.84587502
-621307.48198283
3364729.7185098
1142881.92544318
498376.86212167
-842500.615014689
275330.491874954
2197469.4519511
376946.467362128
-743713.261162888
1718945.74997987
-833920.072961964
-1886128.71799354
-684869.872258499
764645.054917328
2041344.65176915
-155596.987633061
950511.561725802
2752387.06642073
623792.921496546
4437456.61557977
1978900.22874339
-603894.920565043
279500.144871414
-425374.434434556
-1090255.03378615
157052.254064187
-677487.699660903
-1022224.38113578
-186840.076415828
-53025.2952712392
126228.408408598
-589632.322959865
338261.710914951
-319433.143641333
1083568.11204479
-60637.9357533196
139203.998728208
3153395.44479151
3454990.29718129
5555434.80798439
10525180.0080148
8158802.24493194
5016337.82288919
1684339.6321095
302571.886899751
1581338.60202481
1017950.02141647
2238645.17257932
3483608.73308875
955894.178899969
4050703.88876342
4428961.88455421
3962644.76949688
5594429.49274751
4827757.92596533
5145103.95569584
7158885.55972774
5088502.38152478
8624888.22475839
5056525.7597244
7580161.13468365
5058974.13320145
2559612.97928665
6140451.95742158
2921075.12428002
176379.794843589
3299442.63081545
1686746.05981228
826360.947789952
4803557.6535187
4201854.39511087
2861969.63567469
2995550.47596884
3042720.58552856
3075156.69690274
5520731.1042838
3230840.451276
2797512.92391315
5427335.02989938
3033403.07330274
2521372.10128749
4772358.1188881
-3694731.73003437
-4509856.03193296
-3583527.47716573
-653059.379928228
16060393.9362542
7093688.52150618
11800655.0071373
17351798.798813
-710201.325780029
-3009969.37406468
-3325341.05387401
-772295.698386315
-4765125.36272823
-1810586.66860612
-817325.703761308
-3510084.55178279
-385164.967836825
-2668479.05360685
-856475.855676254
2008179.3963159
-235636.639281465
526448.582627139
2758641.73473541
2796413.2025645
4706951.65967415
1309525.96735466
6818806.41788828
7850802.59590428
14225889.8987482
11668026.6839702
7934182.57835703
8632514.81807765
-7370069.40068345
-3080150.49058541
-4964517.40391025
-4411204.79211381
-4934751.56293708
-3972245.91155353
-3946541.05486517
-5390552.71375054
2494767.79542832
980001.797479222
1991411.782548
3880773.89431756
-1561855.34152397
-1559266.13597111
-2013773.09867091
-4044876.30530283
2226814.00427797
-1718547.88848462
-2536439.37430018
2341558.67203013
-828836.075419306
-2114425.20503877
229563.496963792
277828.173424196
-3095976.2441963
-3844081.12035873
-1244406.88078723
-1800623.40953486
-4689859.34699271
-3451483.21247388
-3136676.47729853
-3359902.41596611
906430.73764337
1415091.41804182
4595860.06677051
4985693.13316357
-777359.485964619
-804402.388035159
3491423.50822812
3276189.07099501
2512895.35230096
-1309682.34834013
-1616024.18917748
308049.817309584
1266434.23893095
2431268.48067801
1724425.81987962
2923767.89042355
-1548800.86734118
-1651006.86801353
-1820594.77766892
-2647537.90678227
3893232.85995631
-740704.42939438
-1189369.24786374
4439592.48213903
8934685.85673528
7914278.38272592
9230528.60158305
10624565.3010705
5667330.25149023
7462751.10071221
8749549.60765181
5939999.99467194
5432799.4350319
7162405.3940043
4559583.74964556
8057529.01553342
6408201.06497649
3381536.0995811
15175837.4163761
13739400.6943975
4862903.95349789
1877855.19951238
4488186.8917743
6219097.78065842
5471533.11868381
5084367.45141343
4797744.42715673
6237594.84440175
5455203.90958338
5812362.64697706
5272933.78897085
4119735.07130479
3624735.39868087
3858920.00454247
3506350.88145444
4227342.77600477
9477632.9791802
5442362.81994842
6133661.08135648
5651083.63676757
6786390.03046927
7827631.67561766
3784763.55358132
5882061.32400128
4250386.1189194
1102272.04975048
-1318521.90013267
2628928.66075252
17056957.1620905
8838529.44591049
8902806.26901698
17216169.904063
1676112.06057614
-2950839.95364439
-2291271.03377327
1587340.34696099
17845044.5452706
8523293.87648848
4368795.3066316
5950025.72604986
22427247.1600482
23006015.481415
10430571.6526628
16507890.9045655
20785439.4478527
20877580.4763965
19631052.7354405
21357496.4533027
24467230.7529553
22691623.7200811
22831853.8647087
24701558.7425012
19577752.1986503
23009132.6149503
24281634.7147885
21962428.9152336
4473582.07296169
-247998.721457226
-1255669.31132683
5021186.87714204
135444.316779319
1890626.98387519
358512.23780675
-681656.804929968
3212101.1243249
-517725.129891739
183027.589518604
1940495.57161399
650547.192904343
699957.328251351
2346395.5227385
1442425.18586747
2237055.49727661
2932549.10882967
3846890.92989471
1484238.81520078
6815965.06742056
6753549.88324713
7028707.89661032
9283074.2268279
8785885.02351952
1567756.70693524
1517878.04250153
4585080.26445834
15930630.4423292
14726841.3263084
11804529.2203142
13826783.4122706
16610842.6370257
19712672.0857481
19931531.0219658
19794589.3771375
10303088.6131452
14249245.3962368
16504139.8971262
11750038.0489489
19577196.3713039
19297102.7814533
3817685.51076694
8312144.93836131
13025281.1801538
14643052.8254739
8323529.62196423
10135404.1969591
6354694.85609787
9052373.33658753
9463046.11457946
7726249.44146414
1898413.91589392
6561739.15277196
7232838.25966013
997653.063798285
5831103.36582129
6915069.63421829
9342652.776477
5479311.65945861
5722530.49566111
5332109.90174468
5631399.10391683
3091839.64129547
10544426.9497336
15109524.6968075
17315811.4758031
12001655.6287517
6185656.78349943
8349234.86678092
7701000.55680205
5941687.18265599
12884966.7229019
17583629.0163509
18985605.2948255
14660742.302917
5552994.67101874
7408850.06799457
10667309.9772744
7168205.59894218
528730.176785663
4592486.77137539
6170008.56031725
4467101.27909785
4968584.86211501
2338786.51719729
5518787.94198505
6201620.92308231
-7680746.98073926
-1414589.65462383
2895697.55365977
-2494557.23631523
2686653.37279947
-1315308.55339238
152083.81195814
4384756.86530952
5210485.14747717
1159697.36158142
2565692.96495439
3407087.18122907
9078300.28948868
6833525.7383927
3858432.05666221
4305419.20542352
-325115.464279419
-253343.824918009
-414013.260219799
33999.6761625342
372389.050679919
359974.166421021
311444.774547437
287715.800740535
1271348.29393125
2207307.5451495
7871636.77535199
3821354.86567163
640458.17667712
511339.573585522
50505.6332131943
215559.318464537
3976071.97624251
2601955.61308002
1775962.686589
4836297.72935725
2559134.29190548
3205597.89071699
2130214.45541017
192966.623402026
6273520.23337822
3370829.69958419
5991943.82400959
9168608.903087
-36188.8810844766
1068483.33597855
6794476.21832487
1668434.94549371
-6830035.60746395
71983.9534488767
6348783.74667249
4263330.7704329
2450322.9295685
-712074.073954998
3290495.56076078
721891.751816422
11954042.5996791
11072777.0664638
14598357.7874685
11894675.466335
7997100.72137473
8836717.75860293
11989134.0502642
14673209.1989228
8796437.48131532
8901344.45335623
16752970.334532
12301617.2387497
6436618.56305868
9683332.77090548
7985377.69948019
9771817.20528165
18879375.1013237
20115969.8227064
20134155.2581906
20120261.4956043
12920098.6393851
14528846.9743179
16601193.9661958
13469941.9255519
9269936.38900265
9925050.64398312
5688539.737451
6402418.39544226
17031327.374218
12342140.7122589
10558102.8832344
16234537.7553129
5885639.14041464
3841815.79235644
2618129.12259111
5069059.85842032
16459957.6847994
9433591.34524987
8908253.70163588
16737277.2768285
21921217.4975454
21137204.1680542
21941866.8321709
23531288.1668491
15396193.5318676
19279599.084913
21462820.4594063
18177765.3284476
3327867.59617963
623098.50429167
3624125.95456806
872192.562799801
-1617217.26849173
2723704.32032865
2079887.89043172
-1605697.29550304
14350929.7031279
16629825.5517764
12111428.0650912
15269135.7899943
1658430.13182349
6972167.61610155
12831167.7064145
6398445.37204822
11829176.7982256
12408025.98951
13624515.138373
10738624.3480298
7522961.0555536
11797065.8757021
9720414.84040089
5446114.90334152
5221271.13456881
6200768.8937247
1829906.11984144
1656047.79853897
-728538.206444018
1932217.58433924
5252769.87711388
374312.117673224
