13400863.1427804
13807033.6250646
13856543.5398894
15258839.186048
32635205.0147701
22746316.0075821
21025489.1567901
29843793.9213533
17620637.8539545
17486746.3117064
20264428.9669983
21637022.1191659
23231987.8071397
18812160.0236838
18850390.6519346
22841094.66822
31356092.3860368
28728050.5697302
32174829.417676
32560026.8542821
31112177.5533669
31497317.9103277
28777793.2626849
22918365.2091638
34564398.0998439
36022141.560119
33578301.1483618
32644946.9901483
33015726.5998857
33038999.2623775
32054653.1581592
32524613.413388
22953197.5782625
15779632.4007813
15086783.4944184
23636507.8829133
41280005.8550047
27553529.7410662
39125807.943372
46180712.3013627
19952019.7947219
12825676.4934292
20219782.8906342
22776957.6055075
14298302.8328735
17027601.979938
26849143.4609898
29442062.423233
27117152.5727619
23409141.7466312
32896605.3407462
31486951.7450451
5348374.31103155
14063393.8528859
11292996.5994533
4842657.75820503
32618180.2478916
41297791.6186313
34479513.7406364
18677558.2510299
21348858.0151862
20462265.0324093
17746446.1891188
13113625.2563439
15913165.1368491
22823876.7182564
8444497.13380429
4181551.52122366
5360748.40838007
7147004.9411722
1939852.36088078
6392844.44843209
2344008.3467948
2611976.80788899
4723710.58802649
4437665.32019821
5193120.1049246
3052891.63370674
3012054.52084786
2845053.14134459
3869078.87117665
6740201.07802026
5110217.67763513
5524295.87767255
7622693.26751694
4799550.79370959
6900625.82157945
8867584.93767467
12358278.5977367
10504257.68537
8791571.78681192
8100182.37487228
2032935.26223884
7078831.50188341
4306023.31289933
4205490.43497713
33349129.1800538
34923370.4828438
33324074.7587997
31734934.4430911
33094731.9059302
33863258.7847497
31128865.4049309
26407595.3815607
29779545.3097847
31713924.3712819
22851992.7627283
26640165.1086617
15789128.7575889
28821478.5729909
19275053.7515564
7822437.01830421
10028565.4554929
7918776.41299439
10336970.7374545
12805837.6572353
4626394.31478233
10023014.7391949
9655303.61559152
3486561.77650359
6703865.68624697
22924415.396627
10559744.0396088
6346986.724021
5296876.57447247
5008217.06391226
8630201.07339718
5252595.66145427
22391791.4343412
13471768.3975736
23569351.1427947
21788483.155758
12977852.921226
16962909.0261393
11244664.0036608
13301623.4437612
36189098.3729609
41572893.6970439
45733283.7945272
31711765.1652809
16814526.5777728
24267354.3767952
23333375.9670877
17950131.2155491
24235150.1583228
34167214.0845945
32984594.9541457
28024434.9260551
24353274.7073479
23454178.7372042
29045661.7309237
30798487.4054789
15812833.189829
29437551.1910082
31212637.994621
11327892.7519953
14420805.1832479
7308879.79924592
6789794.21160147
12055782.9507736
7728530.71248993
4203092.72558605
3258903.01513659
12525152.9681126
17665258.8305106
22172158.3444148
23077832.4390464
26193062.6491988
8219434.22054559
5608726.22370827
18082716.1789678
13287052.0991811
2145350.0306564
3383920.23574734
2445845.01189296
1594908.82122704
9950809.30400441
15515076.1907725
21629211.3464949
14070157.4095832
3397495.18934457
4725055.6991902
11675776.0305272
8770653.70147724
13523158.8474199
4345652.52394245
11841442.8117694
14874530.0627302
26724120.109553
18770610.3461499
16891638.1108915
28767595.6091604
27122292.0523336
29922008.4665712
33785907.6562605
33134273.8948464
29494410.7734936
22991236.7345463
27787510.5553473
31452145.6306239
17336066.0384916
22523111.4632046
17152433.4473078
16035237.5762277
23609789.1027989
19653353.1381747
18795858.6791953
25269824.865441
13073409.7029183
14844827.42879
13683363.3182891
11891698.3154727
28124582.7871074
17766470.8321342
20723890.0633876
32114209.2004548
35939618.4918226
36975048.5782871
37688752.7780967
35984187.9825247
30144475.2830399
32289615.95746
32705949.2624916
31164087.8128053
16559419.0183099
33009614.8751698
36626998.8503299
30226006.8961128
9184262.63764216
6781634.5352632
8055404.14982404
6225820.61092206
33064442.5315122
32722339.2880433
32953167.841253
34455152.9655886
35244565.126507
34272960.7747594
35142244.2456802
37192062.725672
36662292.9773876
32752888.3889631
33430037.0294546
34463108.8668315
37390361.4134331
36246565.4220062
35210973.7056277
36100752.7770223
35274893.1798771
42201389.1968033
33489421.5359177
21001529.9503264
4094038.40956076
14288572.8193282
6246004.20215169
4553532.31053824
19777300.3054701
20311583.5353346
18199212.2004054
19597045.4963528
16827778.6042201
18558849.1855604
18188466.4451167
14775415.8611239
18534922.8084573
16577452.4540142
18037526.3531508
11839949.7673636
12814283.813656
17035683.4713975
15482793.7136901
13841314.3042352
12071781.786918
10460330.6504554
9086538.77773866
10543202.3763152
15863584.0561826
12957774.3044095
12203176.6969781
14921804.6901943
15777031.5980814
15953854.9490433
13781226.6358884
14391521.1358213
17274062.5379032
16038074.1218594
14530514.1770328
17560898.25835
11118552.8986793
22737488.6444565
20714860.9049898
18729398.3024312
15467096.220389
12844793.3535255
15189165.5038141
17802776.610058
16540239.2205804
13057312.6344878
8478852.59995304
13420878.7255362
14991470.4343003
9548744.05673153
13780464.1822421
18702370.43493
13135378.621571
18173550.6204002
21998013.8798215
15552253.0552439
13636594.2804778
13324345.1437954
12391454.7459453
13288449.515932
10342788.3832753
10737047.2532157
15312802.0473623
11255169.3235306
14530712.288404
11671755.1285831
11859612.7812637
14379502.6611024
20798823.6175621
17477185.4675536
16613637.4591935
18629544.7844703
22434725.9063145
21557588.3852586
19387652.8983406
18574488.1580135
16775427.639314
15507056.9676085
14156442.539348
16291168.5469894
17037305.9311978
17814112.8423907
17076073.2529983
16792907.3816483
23629199.5000551
19840022.2313841
19533693.4093035
17289156.2906629
37755947.8671666
28785359.027228
11687669.0783557
27592373.4178021
32129625.3179317
22806888.1417526
18891642.2760298
28255139.4828596
46970755.0061341
45948989.3439111
40809161.0676925
46842824.8856022
25633721.240524
19885660.4547034
20474714.0079688
26297567.1369364
38072230.802718
29696278.6809073
30346918.9103292
36380500.6808276
24471088.4149692
19537461.8017367
18672831.9237617
22527301.4715613
33373871.0101974
28028222.3682968
24242097.1953029
28079694.9080171
42977230.7646605
38166885.9518965
31140115.614542
36248096.8601564
43468681.7673052
39711025.9491824
44457254.2044236
45212865.0198741
40939720.6402766
52374908.4096865
45508836.5970906
50107138.9145187
22933533.339689
43942273.2011938
44808428.1667258
36903714.7208135
5078879.42796342
4136252.40158295
5513501.66574796
3664724.86224505
5558191.92233567
12165571.4051841
5726221.32605593
2046547.31003247
7480190.13502943
17002216.2602751
22476974.9009727
10917125.9384228
6093945.4253028
6604238.68854151
7754161.83356242
6847449.25557799
9841930.50937089
22241614.8734613
15825621.8271061
14604785.0139655
3122924.54334292
8812420.31242715
15323367.9984516
10528908.8073515
15890074.6586891
8204787.82889333
9947440.03714255
16665204.8800164
3927368.53990909
5055272.78531073
10232899.8579887
10375443.1858661
34379835.8536034
24399019.6610856
19483665.037313
22154712.283406
44156518.7373677
43327233.6224915
28393674.9578535
35285672.7810112
17055169.7033885
17114810.7130935
17967852.7131638
12049782.2588837
21290411.9364825
18362575.100602
15649200.7498583
17661711.596924
13574168.960388
22067933.0096056
20591318.7800474
14501255.8272993
14617862.9101244
13061371.1498413
15376766.7848832
12430839.752987
19984149.6611417
18167248.5260812
16005955.8425498
18133752.6131405
18072575.730438
18499231.1551653
21993106.9490413
21183905.4863718
10488804.6011555
11523563.4840441
9395290.29256402
10616074.0320351
12342585.0330596
9416135.35625163
9905433.95800732
10540717.5531246
10552840.796905
15600667.4393575
9784216.36735396
3359600.64203045
11030044.2283192
12263964.9170026
5465884.23138522
7039529.30669143
11648592.2758626
16496190.476216
19090530.9240395
17175604.3891322
11558656.080936
10617357.57477
15709580.0816471
15761556.8604587
12787272.3318757
12643860.6896473
15908217.9538325
16167723.6387833
11643687.2282777
12715165.4484616
14548385.0908945
13841082.5514849
13650495.8473277
8538367.856554
16487962.75784
8876151.94340686
13962403.0331029
13190745.5136341
10480717.0537957
13432860.4440019
12341077.6211651
14818824.982308
11972782.4870944
14288672.8248505
17142222.0794697
16127241.9916452
19290760.4189412
25920076.920848
18083836.0802998
12639250.6236961
17287677.3279453
21998969.3735877
34106444.438801
22991802.9207454
28251617.2012706
43054904.3499653
14141789.5544486
30980236.5315961
41492991.4358943
34110414.543676
8816331.33500788
5479874.96365898
15695693.8266369
6544906.5215526
1202748.89461085
2120627.98080475
2604101.73770782
3309472.7672942
2736291.94016065
2376971.82104075
2590061.36718293
3306043.04077186
2573874.97723927
1883678.15212373
3015324.09209114
2844314.71994462
3422803.85600593
4063659.76418848
3192306.92074222
2390148.12014152
4336623.42554853
4460652.22663049
8119748.2226034
5350386.04561954
1839646.44803446
3723308.37756521
3212535.76054282
3645424.15142511
5800260.58146662
4599080.78541092
6298722.58354589
6887376.7774893
5796755.82858485
5422530.2285879
6891330.50253497
8284809.77173596
18473448.9816494
6918695.30975481
12746965.922061
18857279.682059
4940516.29777452
19990307.0708736
23417413.4790824
6937738.06820668
9319491.35085015
13492013.16498
4615683.61575892
4346706.30711805
6672956.15447818
7474362.32696917
4012695.53622889
5153776.47857896
2761145.11407478
2779352.53210311
2798516.10280626
2791183.13382859
3688669.45828153
2824315.11635293
2736529.38968106
2872725.48629719
16736630.1323751
6345839.70410129
4937221.67882464
18495070.304242
9144571.02224057
19658737.382211
25768095.8513407
21572246.7098903
23727067.3671593
9110247.48497183
13429644.6125921
20490865.1745826
26658814.967715
34347658.9766808
34688445.5413658
37328112.441202
2668392.73488804
2693664.99646519
2188950.62808895
2528680.59432117
3794231.65636851
2625943.78973098
4161846.41102789
8435550.77106573
3592950.72655628
3157320.33616301
6017161.50658006
5686085.26687233
10958474.328628
5566142.04739271
7153068.64392714
12140702.8106574
27007540.5012862
12108779.4382336
21856863.3014885
28463684.0017064
35345262.8201305
35387062.8737204
27562294.6966438
29556159.7965728
5707645.54071658
5152190.21404491
3226668.35836992
3649927.63457892
9917001.97291603
6605869.15039598
5628540.41306114
10193080.506544
12305769.5277326
15200574.7916427
30106351.7350096
23192845.7570964
5306507.04528097
7642727.783703
11179870.5988722
5487656.54622784
24285594.6573338
33144414.8791531
26565740.6976426
15482532.6918062
4337468.52509477
9408588.71535446
6302499.05627713
4108010.67766806
2417632.96163084
2378792.99058666
3492556.48541317
3697647.8423786
8648873.52116075
4274781.12772996
3301895.75209966
4693851.19692466
8789124.89207629
10088301.999631
10866330.6667428
11887497.9721298
14330559.1924168
10003825.9373381
10562421.4511469
11379726.1060234
5045713.70018743
6687269.0036976
2830227.75592707
2811525.63979048
3336272.29665644
3386411.97217189
2051481.64649459
2516889.62084151
10469320.5881399
4840426.88626627
3560629.29441878
8318884.69430748
29026390.6942053
20198660.8741573
25084532.6358035
32536599.9989491
25030112.1319555
23771431.1761874
17832766.5981816
17457318.5756571
21139726.2892999
21310484.3059068
17857186.2850311
21554499.5746695
4508685.49189829
4698510.76788117
6158981.29273562
4838433.32780612
2200545.0094857
3553541.5577757
3480743.04280392
3887492.50888616
4231520.36356128
4924805.58106529
4190168.57822626
6482113.18926983
3359952.93958568
2310505.58965287
4414348.17958115
2824491.57079427
6605529.76874977
3386571.54296939
4591304.99350994
7446590.09688515
22999376.7980937
17809847.4095756
17947274.4819986
13853622.0766244
7414828.09704404
4380524.42429886
3765946.02980131
6109454.5889368
30686300.7259762
21858117.9341704
20280151.600884
24545018.0868174
29625470.2079148
37802218.0256992
41083140.1491602
31076878.7262184
31115668.96021
28302094.5477003
30654601.3036968
36012241.0425581
35228214.4260774
40068708.3577828
44674681.5331298
40188904.4111451
29184933.3788685
31320147.1928444
25914251.3604079
22762227.6208728
16247475.3146474
27900093.209269
16652251.9910021
17077509.7435259
15209375.6607282
19437468.917963
20933861.990207
13122350.4512815
37477578.0566523
42377668.5025583
35227849.4702315
25812195.0919204
8267045.09394493
17100817.2409994
14323741.8311364
13678738.3812229
8891825.47431692
19142065.0154276
14230521.2077745
7129695.36518848
4204175.97618904
5256230.07362968
5016656.23674411
4936676.26494771
7970767.26002693
15478296.2787593
26045204.6357257
17548039.9110403
9300873.05304864
7825167.82640291
18872738.8817977
23015779.4473398
27995688.3448711
16386837.2205269
30734351.4913599
45074119.8508628
12976477.5969906
31574792.3153277
24043004.9739119
7343692.29753142
5503923.40261536
4862735.29990946
6499991.46577599
12177358.3897677
4434203.00094896
4764167.76569131
18358727.8687538
11484749.4581486
16823745.6137803
16716318.2320786
19837873.8291454
16619672.9585798
8258920.25278937
13528141.2751525
17947123.8157443
13845823.1507702
23434587.5565506
18274418.5878536
13791476.9267298
17721389.7284981
22019713.4524975
26064385.8054903
19611567.351345
21290707.1045128
8270936.51100826
9079821.26686592
5810210.20158435
5252929.30040843
8208030.09224305
8653455.62479677
5486520.33113468
4031724.48002497
14277909.2949016
10874364.8670503
4165094.31139697
5448986.14683365
12151329.8471984
17700207.0573519
6805422.19861919
5286155.32786641
5280046.83473623
4444268.51727133
2953918.28517322
3348352.64157896
20815430.4334585
8299460.01708926
4969996.62955148
8362428.53138024
4798621.36965734
5001202.47118379
3972267.53181909
3318401.10305646
2282839.58426804
3592815.19553203
3532768.2759628
3205010.23384559
2104677.71816643
4325508.11366276
4117242.78553368
2970393.47749785
2902041.09388637
2089095.86197087
2497531.47825309
2378328.28569448
3889056.28889506
2286950.16871169
2407776.52421701
3716816.82200023
8072687.48271535
5932501.23683261
5035236.88745463
5717853.48301594
2761525.97169403
2984344.54312185
5902451.41082643
7000726.10297002
2149666.21766803
1893996.35652427
6281238.44132451
3646586.52298744
3083996.04446622
2795603.16067374
7298366.92441333
7028195.59369934
2840482.31335557
3232082.96092509
5539443.81425613
4779829.56918283
10540887.4400248
10719808.1381432
10642464.3118032
8538175.02101991
10303230.3463315
11671866.2602683
9913433.06964941
16534238.9956715
17737087.8240063
15067639.6385034
23610805.1300146
27632728.3045233
11690585.6329114
17706742.7032474
26490985.5253891
20530486.7635396
2818649.28809166
2856773.14627934
3048839.27336049
2633522.64157911
2258942.44328917
2501851.88812246
3236199.20521989
5969677.40099369
3734788.96048428
3151293.57074078
2212412.47244397
2889904.1889347
3435238.79943013
3837182.84966096
2951154.40448882
3152020.33022409
2849208.80262781
4928076.22593472
9189334.90077049
4077449.08969618
2892105.16847811
2440787.94947983
2109426.15722671
2382355.28723144
3392686.77180023
2935718.53692363
2749814.78917189
4161076.67635157
8968495.87968371
5343193.2316725
6637848.44634657
10470368.923277
4939447.00800647
5198844.31237021
2486878.87097489
2866537.07439843
18451360.4696053
8216153.36809024
6116396.86783327
16741942.2992782
3322371.40142313
2419015.72978214
3110601.77634393
4271897.8080918
9624828.74073132
5148583.30682211
5854106.12973519
7634581.70102987
10260725.2180656
14970814.7787272
7852599.45421523
10278418.1074561
3276097.60896535
5239660.2848487
6261481.19940442
3756368.4047613
30026488.5587374
25643019.7696382
22357888.9448549
22949768.8067491
18437974.2553961
27949181.1815831
15436140.7568745
8063824.43529666
3355253.42921156
2744738.67698406
3012563.42443874
4844306.55060081
7987673.6100329
5009927.69115068
8758041.76925402
13349174.9210784
6700133.24225713
6234631.66963465
13933581.2747527
15031730.5854664
10747452.5930997
8647115.78890331
19047352.583331
19549223.3229798
13605723.9967812
18565717.1472689
25103178.5904376
25276010.3762397
3856687.41215149
5880576.13719543
6107129.40584721
4450634.7295846
12751385.6259083
8060330.50031003
8327710.85445228
11809587.9683022
4298534.64753302
6454896.39340881
4998055.50758872
3225643.36690878
3643250.43987139
3593258.98782809
4243137.46266528
4491366.2948735
1405956.41237965
2785020.70051659
4411835.29265672
2714469.77943059
3312495.63250996
2774581.52206108
2502134.25922618
2716452.90935996
3032903.9036255
3878391.68362603
3558728.62881202
3247292.47834742
2821058.30828442
1827458.4147835
1822582.80231446
2245380.53726988
3919443.8325717
2824114.68652708
3791745.12795854
4988376.43301162
5090309.99577882
3738571.99482394
2661697.97190552
3416900.19547541
6126653.1909792
4796985.60191751
3594149.81129825
3945649.32025293
4885720.20129162
9881153.54997171
5119445.81309002
4051099.38516096
1937039.6111417
2893688.16776278
3089537.04102766
2739245.99769524
2671081.94537125
2915425.68608896
2820908.31399449
2800091.58581455
3463396.21254267
2298854.61200889
2186793.53690725
2725246.02721013
5534139.50386073
4075045.27253202
4166029.12991866
5598415.22959073
9847055.46791413
6806883.67468791
5990313.40916236
8303968.14591619
4678431.7568735
2575903.77791166
3072081.32695563
5088516.75741498
11004675.0799831
7248654.54427887
7247211.64419675
10767820.1348827
16745340.8933074
21778556.3183539
17735248.375558
12007255.4389951
9569742.67460031
12204763.990247
13764806.2684569
12538976.9336128
11712773.0682143
13705512.5611171
14634539.3735372
12905314.5911139
9568140.52296502
13754626.0733558
9478779.54684823
9019407.06071678
13185173.5635314
12584383.1865424
13567770.329422
16261469.574215
14936593.9684172
14655884.8399538
15582229.2292129
17344042.2205854
12462276.6331216
11804354.8001645
9231203.01962434
10912287.7446681
11029695.9038674
11044964.8062954
11781013.4439379
13276617.9303869
10855366.1704144
17451617.4110195
13975076.6927617
9280898.89971848
10804717.4970904
8800758.99161503
7254549.98104294
10330584.1084508
13935267.2337683
12474854.1868116
10100625.7372967
23928775.1798538
12823764.7431646
11100008.6306727
25306965.6529519
27639106.7095979
22183246.2454974
17689338.1947719
24578364.505998
27132824.7177657
32095807.3000214
27068029.3569411
32697324.8291565
32344724.9679521
13385420.1601993
11611140.036618
12970723.9685896
16154748.4690713
24275792.5506403
17834628.9774178
21855646.5566612
30850881.7089999
14950103.4684161
25296704.3036161
31195771.0323231
12547738.6026736
2450112.55310157
5526633.80552521
3457419.2067901
4949847.57267558
15511737.9523696
31992468.9994917
29657247.455969
13323138.5467828
4936045.62688311
6974615.73431785
7539705.13672329
3206384.99387479
2956255.22479909
3100205.86958892
2283690.72090985
4334638.82160203
4967947.78940621
7983824.64805184
14894551.1059967
11100075.3839464
17078976.6251557
7401932.0516225
3639685.31843926
8593544.01885201
6723971.69641161
8247112.96438706
4567820.52110117
1781553.96559371
16122306.3330753
12695230.8649542
12953816.4415055
13533696.8272604
28271601.0271806
21089042.162329
17975965.5961009
22060921.0143433
14477110.3613105
13856746.861017
19483624.3712469
16867087.5463366
14584740.6080261
16623348.531643
13452497.7496606
5372600.0831476
11767171.9882188
5906014.12874117
7310712.82888239
16101944.1701803
16859480.1075259
13625873.3369977
13144396.736882
14872408.9203842
5719919.04283131
15912538.7519552
8879914.94034002
7762557.20354821
10015098.8585674
5882799.72624201
10402396.3259545
14692538.9947281
11769982.9788732
17113609.9738963
15935110.8241877
14693699.4955867
25242714.8285526
10804278.3168137
21629789.988342
28235066.7446336
17700532.2832106
14320379.3019254
15560930.1169725
19615757.65972
18006926.5465304
18449868.4580194
19766593.154061
17889644.524866
20676832.8674293
16655068.1242261
17862513.596673
20972320.5936296
18421024.8337425
20851543.3761375
22992304.9721346
22600476.8754867
22399270.524305
20155585.0166349
25432581.8281373
26422076.6964003
33560895.6169234
26424021.2414197
27382588.4428136
30957760.4678241
13105509.8192292
20753013.8600852
15137031.8341467
11042383.5301464
12796178.7743768
11458352.8199517
12100677.3286613
13985727.5460392
7360873.26478316
6154670.50668767
9476961.48829774
13139402.980733
19218603.5514841
9563578.08802233
19475493.8423253
21824671.1472507
14296891.5197018
10839997.1525853
13372611.4550181
17077693.914304
18048118.3297344
18142293.15238
18434450.494245
17251754.5734378
10701622.4111357
11796054.0544041
12241372.0278717
12170874.2736931
14219693.7823197
12277846.2918011
13490847.8320083
14982240.20614
14865353.0516699
15199047.9468122
17745794.2241005
16367382.3628307
16955351.1688606
15069203.20057
15158704.035358
16966201.3802716
19601310.3547772
15126004.4406337
18562122.8731021
22800987.3026729
18159032.8953961
20677907.3977694
22484072.1940658
19277674.6219173
24309391.9148312
21751118.216895
22639862.8533712
21800258.9101515
16723834.3070562
20688267.6355159
16094083.1282184
12833030.6900167
18009501.4688205
18144048.7057055
15961968.350213
16623296.7858737
13532756.9989909
15417174.2871324
14022360.742806
11540641.4416584
32574348.7461011
29801782.935469
38884220.6118898
32310671.2109064
26165664.2105846
34758067.4781864
31966748.748653
19918817.6209299
22708359.3458415
19299631.9696044
18909338.9748179
24344090.21448
27589500.4051669
24701401.0160756
25011724.3545194
28993783.9545141
21971920.9580348
16831532.0508658
14152566.954167
19929049.8959584
34756162.16725
25241180.7482259
24714253.6635893
35007396.7630107
23715060.7671736
36581831.9215299
25148329.6503231
11832533.8418243
8714558.01143163
13681525.1520897
5828360.4423667
7983052.51764917
16647683.6311873
18657678.0693621
15321871.8043356
13226076.0209266
26471905.1908401
18238465.6837704
16339163.8276295
25730506.707722
9787503.53187228
13381065.3115494
12540112.2617987
9510380.83133105
25687793.4679603
14184955.8296569
7285577.90049172
10869651.7850291
29834780.9664221
31870218.7613245
17063222.3160704
23857599.1525205
27006855.7437504
27556293.534193
25938416.0602279
26771946.702173
32842280.6972603
32097174.9984838
32068453.0843553
32494860.7177463
28224463.7816001
31070215.3635946
31436657.4171349
28713724.7587984
9282831.55400532
10649676.2288424
4317871.21816339
8152284.47975959
4519931.58935239
4222877.30580885
2610600.70084554
3610451.22784149
5827593.74430365
6436399.98382927
2106860.54909965
3735073.03091637
2834796.11487531
2092944.56054169
5431503.77188872
3405699.46543963
8442940.2360632
5319188.77713726
5169793.42707833
5950463.7598076
20909100.2639946
22102207.4436453
12999784.0604464
24022862.0326744
16370288.095147
7026246.91647773
4793565.79003135
12587131.4570707
21565355.3051043
23370834.3916101
22894976.4712809
22677593.5327987
20773765.232596
24727006.6328534
27106725.5460244
25309074.2797911
12837542.7877441
17702112.9702989
20303857.6183744
14725061.5536064
27234753.511471
28734075.1102758
32358987.6696271
31521963.8683672
15959543.2541277
19810973.3811306
20933311.9076518
15434126.3509958
10423153.0183965
12564619.4603477
11591269.8776096
14126020.7111369
6037326.04002314
9541607.73040697
9798300.34780188
6714007.97144322
8720341.3136448
8530511.12950795
11722476.7487757
7611067.34135405
10075352.1103308
12956459.823244
9278124.93499462
6849394.50113692
21035637.5444775
24963865.7065047
24685800.6800964
21266406.7710187
19014890.3568707
19034132.3954704
17985415.659036
18426163.0534493
22583996.2532745
24492144.3943034
23668534.9924596
20547000.7481641
15409926.6746164
18119950.0246283
16280522.0508533
11481905.3023673
14719235.1353243
13392592.3084951
9493908.44607617
11591662.9575587
17652957.1984261
22323159.0039384
23448548.3113087
18108235.0889553
15193755.4293682
18368627.4130049
17614623.5150038
16851049.6634569
15320683.4389262
12436819.5365085
18726869.5948638
16639239.6068333
6664580.1894086
2207020.44743208
7385527.1892398
4255597.75100552
12068436.1640023
8828481.88621229
5073905.95245487
8622610.79693902
4546773.14868592
4780679.29545063
4383729.72105697
3061404.27395283
2748146.8381487
4326716.92599892
2325889.8439325
4258732.20740577
6047467.83131021
7858686.57067309
20196860.7743114
18625511.168137
6739070.17341051
2946739.18311623
10142766.3404468
5576282.2703162
8925443.31736398
10609253.6265933
11361719.3592095
14851632.7014442
5873915.31732843
4174773.38530259
7018595.72585235
2137866.84024144
36161408.0027593
38337563.2069972
26126683.5412878
30562445.7010741
5164674.32311495
11700287.7035679
16741375.9833979
6461391.89271384
26562926.082232
13017428.1583982
13393465.8137789
17776249.6311724
32755728.3199622
28089765.7573035
14692616.7504911
17281568.49065
18289296.3670874
14000192.614679
19330970.079251
20954101.2257152
30230199.0819156
24619612.557104
29189289.8625999
36618471.6139342
22427712.5539616
31344338.7554223
36168631.2799043
27839071.4063951
11337008.5874046
16847432.4865054
19965175.8104221
17845510.9329219
31682838.9540529
35880991.2568498
32973338.6915786
32473645.0528007
18416837.3343409
23925907.8678602
27810640.6192116
22454961.9255169
25762485.9832257
20426544.5667608
19291388.6772969
25713578.5275369
33219727.6154395
26667005.1375919
26039321.2027131
28369404.314638
23346917.7987936
20746337.9939943
20548628.7560303
19428798.067427
28409262.2870605
23866124.6353416
20624683.8122599
27925989.0681367
32562946.8100673
31889539.3640425
32247193.2288579
32836854.898613
25624368.0842017
29925602.657112
30842544.4817069
27272893.3609786
14204628.9294841
8020516.16387591
6709638.10678124
8028077.05626098
5426345.96989619
11934458.1333022
12733231.5967797
8935731.66125055
21514664.2736896
22830025.050167
18975636.7042631
21243783.5930593
7666607.63705177
14867451.9927511
20018345.3910409
12069212.8339334
18580217.7530245
21077999.9886851
23296846.4494627
20053023.1628897
15654586.9193708
18499527.8347849
18673286.8315372
17129192.0540723
7702638.21011894
9862511.53005081
12424780.1368419
9647554.11056709
10119425.9148947
9123558.94395879
9374514.92800106
10499433.3832381
