-5.04431707329722E-05
-0.000120191920593353
0.000112916762769816
9.0906520726869E-05
0.000179724249030994
5.55111561114396E-05
4.78611897495572E-05
-1.19707810482798E-05
0.000171958003400892
0.000337865175898259
0.000453618138076794
0.000134860275935544
-0.000408987922255109
-8.98805656104646E-05
-0.000360308878809868
-0.000909117903047387
-0.00128192844043009
-0.000812824946039066
-0.00138193776785272
-0.00168841361795913
-0.00177398393862213
-0.00166117855480068
-0.00176103005625224
-0.00158482151502016
1.06311758421226E-05
0.000202803410330511
-0.00021580678385168
-0.000637373892314038
-0.000742857069156919
-0.00033865105997528
-0.00111146452750835
-0.0014413336950768
-6.47542407025667E-05
0.000343384587317859
-0.000143828710239116
-0.000456880258122103
-0.00124435887718419
-0.00066579703920747
-0.000824621286755677
-0.0011190601228579
-0.000925755970466539
-0.00109986010848248
-0.00219082421959714
-0.00138131394603201
-0.00054905562338064
-0.000698300734450401
-0.000486694548391491
3.97794712058089E-05
-0.000608720449338352
-0.000511687544788116
0.000155251292931859
-7.20475387053732E-05
-0.000914412697812537
-0.000783372348845066
-0.000463804333432359
-0.00076884956772043
-0.00167515579453777
-0.00160303120620748
-0.00125171020040649
-0.00122734498362711
-0.00121675292656872
-0.0014987047819629
-0.00112429198726678
-0.00102289177229057
-0.000715619827873967
-0.000950604510370187
-0.00091462341824339
-0.000755214511673487
-0.000331638752261579
-0.000509238364668583
-0.000564856843008822
-0.000380235668703853
-0.000808996215205751
-0.000926259297446186
-0.000895462290740527
-0.000848382248237207
-0.000426075208435136
-0.000622059819461796
-0.000677983759228963
-0.000470405577472889
-9.60249169097837E-05
-0.000241231845998207
-0.000267565913453288
-0.000100772973622931
-1.90296154733495E-06
-2.11810434981054E-05
-1.89725877364885E-05
-2.71946127028744E-06
-7.33340354693024E-05
-0.000181202343167599
-0.00021251533996369
-8.59558512227322E-05
-9.02374022518739E-07
-1.70266838917133E-05
-1.94108008305409E-05
-9.67985118370801E-07
-0.00112919437985829
-0.00107375424117151
-0.0015029001184407
-0.00121804857239388
-0.00039607613467919
-0.000835022864405548
-0.000705084832622119
-0.0002800678766433
-0.00108653619134921
-0.00155714259108728
-0.00123019246715071
-0.000829985570460555
-0.000253510314003365
-0.000574149931102476
-0.000499807675041499
-0.000283659532542438
-4.77191114914905E-05
-0.000118385091836383
-0.000148905863601559
-6.0095998261115E-05
-4.05130484756315E-07
-1.14066514533091E-05
-1.4344056823167E-05
-8.1927372726433E-07
-3.0092657872879E-05
-0.000116842007537679
-9.6295257862282E-05
-3.71248045433795E-05
8.50664161126039E-07
-5.52009503654208E-06
-8.37906548775237E-06
1.84125823754162E-07
0.000156356980705335
0.00068272779652314
0.00054322627321517
5.24837920735984E-05
-3.5734117144808E-05
-7.34703990346691E-05
-6.77728012713613E-05
-2.17941889861243E-05
0.000413739229434554
-0.000353078099521339
0.000403467844275244
0.00110907179672284
0.000985514554446885
0.000904049348972292
0.0013326409419977
0.00109425311119506
0.0013632801227923
0.000906854073253902
0.0011209591910233
0.00114872990416362
0.000841624937775366
0.00128147761686805
0.000783751030278985
0.000325581861809763
-1.52977126478798E-05
0.000283667619614159
5.84206496940164E-06
-3.19461180597944E-05
1.2429765931707E-06
-2.1258261296154E-05
3.11322057456119E-05
1.87147318933121E-05
0.000154939229942906
-1.7691776254412E-05
-2.25151199712545E-05
0.000176845905535234
-0.000405317515049989
8.27455398914284E-05
0.000208065035544023
3.02926342983431E-05
-0.000407046751959681
-0.000518905963504072
-0.000561554444949301
-0.000431399469759285
-0.000159776647545865
-0.000276817158761045
-0.000275516484451003
-0.000160757208608752
-0.00041596044473428
-0.00047193404282746
-0.000417044355540725
-0.00041222679638469
-0.0001433151726139
-0.000262751203372792
-0.000246123427000032
-0.000103681081689514
0.000204547805601131
-8.72131504251809E-06
3.69731981053383E-05
0.000250090973190801
0.000426236533085703
0.000343299827441385
0.000510962556339002
0.000795457309377333
0.000370446448215303
0.000114122314489495
0.000231497195934148
0.000570085487276017
0.00104754254420538
0.000727158745760299
0.000902656786940271
0.000999056891257669
-0.00040947032270031
-0.000407822098264731
-0.000415573129658599
-0.000378381091200664
-5.08762610891235E-05
-0.000218285555877846
-0.000170700935594483
1.69827444278657E-05
-0.000306327635799988
-0.000392341623099581
-0.000296259501579521
-0.000193726290673484
0.000109794455355768
-9.9998682570657E-05
-1.36043415867046E-05
0.000191462128348335
0.000668594623732779
0.00035676065528668
0.000379318821048158
0.00047774238509142
0.000630797147948794
0.000826426136876332
0.000374715219683688
1.08416422487297E-05
-3.21798775076192E-05
-0.000210144162051738
-0.00033930268259199
-5.8947388469766E-05
1.72330492983034E-05
4.49257555220374E-05
1.83997292524105E-05
5.49181348172032E-06
0.000662897842875718
0.00106484219963304
0.000690059813198476
8.50362685261223E-05
-0.000219249572368848
0.000114113589713833
-0.00043795004233146
-0.000581119693448849
-0.000453069512961156
0.00011502599295491
-0.00050418546920647
-0.000873046625706013
-0.000677984522625506
-0.000754859990808133
-0.000873462688845086
-0.000568886497176348
-7.45173320108626E-05
-0.000342736589884757
-0.000224147975134801
-4.77845450832985E-05
1.05922038097779E-06
-3.12743597519138E-06
-5.2820158848074E-06
1.40719145520927E-06
-0.000125459374512112
-0.000273866509118988
-0.000297005637167934
-0.000106536015613079
0.000204579659399375
6.56145443091397E-05
5.54240444177314E-05
0.000147613994196539
-7.97472845825032E-05
-0.000249238365856985
-0.000199564221054733
-5.6541852734542E-05
5.3866218010144E-05
5.75761929687785E-06
-1.57453128221268E-05
1.8547749085213E-05
0.00019675155902079
0.000100909069896827
4.40860428870833E-05
9.72131289553067E-05
0.000445018939720291
0.000332914293180058
0.000190579404017682
0.000271323980817488
0.00032821226581564
0.000275880378720866
0.000207071477387741
0.000298411056562675
0.000347880110472862
0.000364019988575478
0.00041293424126049
0.000488929445775154
-5.34275338630726E-05
-0.000207226307480548
-0.000314090235349724
-0.000138557748761582
6.11132197749584E-05
3.75577686157022E-06
-1.43670508037813E-05
0.000113059657009494
-0.000342480730414906
-0.00051255211421809
-0.000557940942613239
-0.0004901877984506
0.000121163744932369
-0.000122344838049393
-0.000250404269934811
9.64845757664059E-05
9.19709389269349E-05
0.000209395293294064
0.000232579019712135
0.000100673806673397
-0.000101378765790159
-3.56268167130786E-05
-1.14042044103033E-05
-5.16997747985341E-05
5.86987017710828E-05
7.31399666519347E-05
0.000147928368121869
7.41500981012523E-05
7.67652924445083E-05
6.86991557943649E-05
-6.33882151470921E-06
-6.40759610594531E-05
8.30013323500538E-05
6.90657651158843E-05
-9.81416917903267E-05
-8.27285090355017E-05
0.000216936370732849
0.000143376814892845
-9.08970004406683E-06
9.67116128833372E-05
-0.000148209678489889
-0.000142950640759472
-0.000105671159642456
-0.000142861100559817
-3.25822665659647E-06
-9.87953325330637E-05
-0.000120835769684348
-3.71542188686592E-05
0.0003238434970751
0.000151990478351089
0.000127561675393584
0.000346516723286981
8.48288374794863E-05
0.000281932347539561
0.000355393999521422
0.00012728732946785
0.000180185034603554
0.00025803364721801
0.000219247117020459
0.000276971630752289
-3.62471052669814E-05
9.55300710969315E-06
0.000153089606885121
2.08487618425878E-05
0.000140117882702716
0.00026693246980707
0.000492634708835863
0.000431104623544928
-0.000204030341586797
-1.40125947392071E-05
0.000315937534839168
9.79084171878155E-05
0.000488507275474421
0.000494753599824665
0.000308095440767061
0.000320414982971279
0.000305300393435509
0.000442301251589344
0.000336449235522368
0.000318315573254235
-0.000218748809214216
3.90339708061455E-05
0.000206025777558282
6.29222722327536E-06
-9.51985997315813E-05
-0.000252201973120186
-0.000128081501453981
-7.31756633233472E-05
-0.000259086062881478
-0.000323931052909633
-0.000188026979185223
-0.000338206768887702
-3.30398528600653E-05
-0.000123901545091767
-0.000256879563696425
-8.18693971597955E-05
-0.000301310183418924
-0.000628606516556118
-0.000564695691808134
-0.000266419534436994
-1.05558331893997E-05
-8.53324361013088E-05
-7.61961040407083E-05
-9.51450427245372E-06
-0.000952096581682236
-0.000456027125588191
-0.000721970943528731
-0.00101728516027157
-0.000933647675597336
-0.00108071088816397
-0.00104759584306957
-0.000865789639932615
-0.00105932336863096
-0.000977846203531431
-0.0010968074233168
-0.0010064243802978
-0.000786991825552768
-0.00100427968896014
-0.000889029746192501
-0.000677171444324136
-0.0002314298839851
-0.00049206300904913
-0.000411990565687467
-0.000196583963007731
-9.544179510706E-06
-7.0634585250342E-05
-6.66426361611038E-05
-1.07530274823859E-05
0.000274730890514369
-4.01496558336331E-05
-2.44952927329594E-05
4.1048835890105E-05
0.000168115946778361
0.000436451707083459
-1.40339317038183E-05
-0.0002968875831147
-0.00192125100539447
-0.00239089029424159
-0.0010294571504567
-0.000728366188617617
-0.000466063081343789
-0.00113853480853344
-0.000382791697817244
-0.000146500602990722
0.000137248647927471
7.08837615203035E-05
0.000521643959945747
0.000464195641354397
3.47424789957003E-05
0.000118822580874929
0.00029054219221782
8.76443554852559E-06
-0.000370761224472982
-0.000134792939861771
-0.000368328201197578
-0.000757914453178017
-0.000827749795284346
-0.000620642958466937
-0.00104184504047276
-0.00114506238635599
-0.000731176804186451
-0.000438764883888276
-0.00028263589738919
-0.000394345055742047
-0.000998847961612347
-0.000929565083609979
-0.000490258692689537
-0.000567510952682742
0.00042150255458284
0.000559387484529747
0.000354850123578852
0.000206784078579422
-0.000118672911728692
0.00017833724286438
2.08503400615657E-05
-0.000145739757580335
1.18969845531492E-05
8.14891418032697E-05
-0.000144823027005487
-9.73176165908942E-05
-2.99723495415772E-05
-2.74535703902233E-05
1.60147749104395E-05
0.000134679860774513
-2.20134459718872E-05
-1.92218369826982E-05
0.000209417361638244
0.000236008308689571
-0.000179816820472597
-7.43051798720513E-05
0.000202387968081615
0.000103121884487748
-0.000166633288340164
-0.000336577151958411
-0.000281813435302296
-0.000140626531748486
-1.11009615928907E-05
-6.06462182781266E-05
-5.26781147657951E-05
-1.00022577377928E-05
-0.000809439881667154
-0.00094042143258893
-0.000603260578808319
-0.000576041199153006
-0.000532513140191858
-0.000682463267729445
-0.000512880512344205
-0.000423897203506781
-0.000406472990064562
-0.000309558234492637
-4.38852472085987E-05
-0.00019331694654934
-0.000414201893081422
-0.000448498285434948
-0.000321933529864276
-0.000392716184356993
-0.000121664220093062
-0.000269841546287241
-0.000311953233329497
-0.000146252226024864
-8.09232910143436E-06
-4.4157626948365E-05
-4.21084958766504E-05
-6.77724133833274E-06
-0.000120883637224382
-0.000229152125869217
-0.000210291204681483
-0.000112500159379535
-4.46591875590296E-06
-3.9566674610369E-05
-4.05089265322257E-05
-5.81852415136354E-06
-0.00036277463165773
-0.000280392294774136
-0.000374106101944563
-0.000408660479151916
-0.000328506345481209
-0.000380008298423426
-0.000386043064998227
-0.000312543242871915
-0.000433997142602703
-0.000443705245918212
-0.000499015691077443
-0.000436331551673297
-0.000285057067990248
-0.000376002407102251
-0.000345398277827605
-0.00024439247405353
-9.96047431311143E-05
-0.000184775042031839
-0.000153783390139669
-8.41315083533433E-05
-6.64411675582382E-06
-3.82854379545668E-05
-3.4337531582497E-05
-6.81336775786998E-06
-0.000540771686125417
-0.000568917410403712
-0.000287869623265604
-0.000303448723215373
-0.000185576150964328
-0.000289710932593279
-0.000292267946696344
-0.000313202986118774
-0.000461330094019461
-0.00060326914760669
-0.000226027797355259
-0.000231175677211834
-0.000430867493934738
-0.000369429884043319
-0.000249525987746936
-0.000264734440465405
-0.000127713315787073
-0.00011291191655903
-6.76258307918735E-05
-5.71880383714789E-05
-0.000120604402304683
-0.00013124029928705
-3.76633117217611E-05
-9.09790628569744E-06
-0.000149129149179226
-0.000102695129525408
2.5788575280883E-05
-0.000103138973791863
-0.000402378425059768
-0.000287810806837963
-0.000401173129342562
-0.000536321619154808
-0.000182998537356687
8.32191848860114E-05
4.06407180125254E-06
-0.000348076353151426
-0.000727744250508084
-0.000625302189902979
-0.000702288323655348
-0.000803115529800342
1.18400172685484E-06
-3.18986818824959E-05
7.47956754603579E-07
5.10769364526086E-05
7.47136802946554E-05
3.81029942539937E-05
9.86461254079042E-05
0.000122868090002457
9.16741441095113E-05
3.01334612413442E-05
5.46961888064709E-05
0.000118259274545545
9.62942798191412E-05
0.000141585475196364
0.000151601750828314
2.67131942709373E-05
-0.000438533860736428
-0.000158163707385727
-0.000218551268770077
-0.00030274636627735
-0.000598444130250664
-0.000546018232753243
-0.000253166887477523
-0.000235647528308805
-6.96092041098958E-05
-0.000122173079977943
-9.46110874862616E-05
-5.75696206551991E-05
-6.62174705659986E-06
-3.01506833711935E-05
-2.64474765283493E-05
-6.19145040995703E-06
-0.000428945368754061
-0.000575094232582307
-0.000653767280238158
-0.00039736891529244
-0.000193861951819285
-0.000294431029913796
-0.000218315303834739
-0.00014146552086356
-0.000273382042909063
-0.000515032747490329
-0.000182133627416028
-9.57472776416714E-05
-9.7154423660541E-05
-0.000129830922056236
-6.35496865265624E-05
-6.51665452745887E-05
-4.85115074489966E-05
-7.31971937625518E-05
-5.81667430228938E-05
-4.25895545817808E-05
-5.48230026474725E-06
-2.32922509016299E-05
-2.06768500125321E-05
-4.45393316415908E-06
0.000113289725657529
6.12380878604724E-05
4.07589465949716E-05
7.92729211685835E-05
3.46003956268043E-05
0.000126700685835765
9.80785402157203E-05
9.05920216580914E-05
3.98753168743556E-05
7.16932590783964E-06
-2.73392172465081E-05
-4.34993840400663E-08
9.48385984248923E-05
6.91253878542246E-05
2.94943372649925E-05
6.34648314204703E-05
0.00013614287086352
0.000116154358829495
0.000104268516568091
0.000174535979503972
9.21293792709118E-05
0.00013046965877648
0.000206968456394186
0.000116237854221453
-0.000127312250083095
-0.000101852759949896
5.56483059566466E-05
9.34005315980509E-06
-1.837163812283E-05
-7.3045513268725E-05
1.13694731745389E-05
5.84104636305672E-05
-4.60261622743453E-05
-6.62014631085321E-05
-0.000118038431352713
-0.000103842765369913
2.62007969279655E-05
-1.76013874305973E-05
-7.49034496795642E-05
-1.96098406195647E-05
-0.000188728306604475
-0.000200389775863716
-0.000341465886650136
-0.000306895135228803
-7.67098106335254E-05
-0.000149667716516001
-0.000231811309322439
-0.00013070711204609
0.000152757089491911
3.25228900757917E-05
2.32011065552314E-06
0.000149952847936282
-0.000400921739512592
7.03929368648876E-05
1.98599028919457E-05
-0.000602912139194152
0.000162057311026819
8.41515446308344E-05
6.14576008088494E-05
0.000154760576431799
9.81409679269732E-05
0.000211669115189424
0.00016175837125458
-8.12101095880338E-05
-6.53241529163956E-05
-3.63969301573482E-05
-0.000279640635809078
-0.000272976599440235
-0.000230749183009636
-0.000142796472186
-0.000296867107018069
-0.000190090562480588
-0.000431293224366431
-0.000656514394429118
-0.00080822847575905
-0.000237392095621872
0.000139971322008003
-0.000185240629762847
0.000279172673941949
0.00060507539642022
0.000286700132344992
0.000414693732536919
0.000639462647723804
0.000255789474848986
-1.63038559842167E-05
4.25351568146763E-05
-2.92950836671042E-05
-3.32872724584062E-05
2.11623893546056E-05
-0.000164809971231738
8.17282043396173E-05
0.000200245142416442
1.53606135990484E-05
7.60056103969111E-05
9.66322813696263E-05
4.43493773280956E-06
7.66460268720763E-06
1.99298117964367E-05
7.04519399131785E-05
3.70267750491428E-05
-4.29882761045064E-05
-2.54810461132525E-05
5.79762657144068E-07
-2.74407436423498E-05
5.12286406807094E-05
6.73284820972232E-05
4.07231517129646E-05
3.7553166971403E-05
-2.21338048213691E-05
2.24557938511422E-05
2.47388857848409E-07
-9.62416451537951E-05
-0.000116655459858989
-8.60397843831187E-05
-0.000176998024544758
-0.000118846563515972
-2.22218132089019E-05
-7.83429627954345E-05
-2.08096391928655E-05
-1.43091721644504E-07
-4.07775772042348E-05
-4.89890395428007E-05
-4.77710608122892E-05
-5.9862699773468E-05
-3.72868665190654E-06
-1.96750439880943E-05
-4.77285013962201E-05
-1.53892333824977E-05
2.15610359218237E-05
8.21436642241489E-05
1.96184262661582E-05
5.76642573014638E-06
3.27750637295622E-06
-3.49022489508504E-06
-9.91302369650355E-06
-2.97539863807854E-06
-0.000104363489072293
-7.49636134092205E-05
5.64722405762321E-05
-1.62099586307865E-05
5.93386251026312E-05
-2.84385864962921E-05
-3.58827513870834E-05
-7.71479912486909E-06
8.93219047712917E-06
4.00406727063892E-05
-7.20480227843715E-06
-2.09538236132703E-05
-1.87288987133116E-05
-1.32445611147249E-05
-2.93472084985834E-05
-3.00300195887926E-05
-1.09512929804175E-05
-1.28142711464854E-05
-2.62243614788074E-05
-2.06487090647756E-05
-7.6423553541871E-06
-1.47044648597629E-05
-1.36880168969569E-05
-4.94621131625644E-06
6.47259993665775E-05
-2.3045177405232E-05
-1.92535255104721E-05
4.14314191028653E-05
7.3620945708672E-05
0.000132470479679167
9.05932450514967E-05
0.000106805078406739
-0.000230837157423463
-0.000302852768860784
-0.000186929128216493
-0.000158428615104293
-0.000103130950210989
-0.000167749657590473
-0.000119805790792646
-7.62026054044927E-05
-0.000110061524832876
-0.000119264180189247
-7.89639408783766E-05
-8.41023190638538E-05
-6.25108718541761E-05
-9.01553705693668E-05
-7.92146345584269E-05
-6.41398905706825E-05
1.43520311298559E-05
-2.51532907157502E-05
-4.04232704285306E-05
-1.61165849089643E-05
5.58054137722932E-05
4.46914089725462E-05
2.70671499720162E-07
2.89996988593564E-06
-5.36506394829082E-05
-6.68170515408818E-05
-0.000114312289495422
-0.000118201285155059
-5.01280217436392E-05
-4.80054442330693E-05
-0.000122367449734295
-0.000113096305357327
-7.16062751254519E-05
-5.21684154521925E-05
-2.999091226655E-05
-6.623511853371E-05
-7.92010311187289E-05
-8.15815891209757E-05
-9.60476723826062E-05
-0.00011173357732389
-6.10064074329775E-05
-8.82630198770396E-06
-5.5077197061206E-07
-6.00549422468138E-05
-0.000175988104710582
-0.000117778164164416
-0.000124914941320328
-0.000249157347518578
-0.000244917438693334
-0.000216816027994128
-0.000409191781922845
-0.000464826427610873
-0.000195141279839443
-0.000247687778268621
-0.0003952510214933
-0.000275987063806686
-2.60106860742063E-05
-3.64995938698157E-05
-4.65181698068094E-05
-3.10477098707884E-05
-2.83501005316598E-06
-1.28902611502569E-05
-1.48741443413215E-05
-3.48368318207329E-06
-5.25969125070174E-05
-5.27712450429836E-05
-9.73676948575012E-05
-8.42455532223384E-05
-4.45981283179336E-05
-5.00704522290002E-05
-7.21607674693414E-05
-6.00335967946971E-05
-0.000114314498521067
-0.000139702645393594
-0.000183951176762515
-0.000144438063687367
-7.65040866333791E-05
-9.5231048409087E-05
-0.000119338812631677
-9.43115829005863E-05
-3.64734282421698E-05
-5.69964674641713E-05
-6.84648497028028E-05
-4.25596366224237E-05
-4.06748402939236E-06
-1.70685442772613E-05
-1.94617282657253E-05
-4.5940970472036E-06
-7.42683315303413E-05
-1.36475270746345E-05
-3.48653426074483E-05
-9.31284858547228E-05
-0.000279406173609355
-0.00012524152373339
-0.000144281497234571
-0.000268085192647645
-0.000102011517628222
-5.22313077922612E-05
-6.47196064052843E-05
-9.81260231821316E-05
-0.000241131296409562
-0.000156217364547871
-0.000139320587147152
-0.000199750102614537
-0.00040858176655252
-0.000351141621642682
-0.000286940525808179
-0.00036653371057258
-0.000362476546499229
-0.000396446342448244
-0.000398649477779151
-0.000390436035318953
-0.000615386873261145
-0.000543960637977813
-0.000472153908373079
-0.000532036916142483
-0.000322460687381505
-0.000465523025708826
-0.000430087922991786
-0.000340596858233303
-8.4588778965835E-05
-7.43368580117858E-05
-9.56273227539301E-05
-8.71792277588658E-05
-0.000147995100957468
-0.000105851283872327
-9.80083287550252E-05
-0.000147195053815606
-0.000231033808149465
-0.000228419508917039
-0.000614634753957525
-0.000535895300993952
-0.000256747462917635
-0.00024091970952685
-0.000425782510448422
-0.000326531566436137
-0.000276694848056049
-0.000260479818658102
-0.000205374173312277
-7.98110334101401E-05
-0.0004158521812781
-0.000346179698095134
-0.000159875732805429
-0.00034491103629309
-0.000344595585228068
-0.00023573819372007
-0.000249750279324948
-0.000355845745754953
-0.000412276197269292
-0.000404404051119827
-0.000409498370774444
-0.00042645823816913
-0.000358376826482544
-0.00039596470714023
-0.000425514677462837
-0.0003997239988893
-0.000237510025014739
-0.000303722569066499
-0.000348946212778414
-0.000278236852441939
-0.000435316474394584
-0.000443088270138
-0.000439481109339274
-0.000460763838047947
-0.000321738543696397
-0.000393319179174439
-0.000433614300428432
-0.000366222334586667
-0.000132274816371106
-0.000228868623936536
-0.000265486232264577
-0.000153269612142119
-7.29946420474208E-06
-5.01450429513739E-05
-5.53269808643457E-05
-6.49938769011073E-06
-9.61310269488657E-05
-0.000165602649282614
-0.000195753432497683
-0.000113431911558463
-7.73848172377101E-06
-3.92743228623078E-05
-4.47202118257517E-05
-7.89848563868062E-06
-0.000182293200682456
-0.00023447713280998
-0.000280955955584266
-0.000227405149195762
-0.000114477078901254
-0.000147017478608195
-0.000180608378129917
-0.000138119177805463
-0.000272155869387867
-0.000320909004376205
-0.000360382478356102
-0.00031550841700499
-0.000166883028977204
-0.000219592638840076
-0.000260867838927897
-0.000200515444317915
-6.85565508204789E-05
-0.000115925008605123
-0.000138830169064801
-8.10985714176971E-05
-6.53032867723582E-06
-2.95763590431674E-05
-3.413095797671E-05
-7.23271231795207E-06
-4.97359286593115E-05
-8.16768458195234E-05
-9.71145625684146E-05
-5.82499578998712E-05
-5.15751738051945E-06
-2.22722176193295E-05
-2.56149485153937E-05
-5.81056536168244E-06
0.000197584643996663
0.000119731019493505
0.00034231492976806
0.00039745084418762
0.000135274092801265
0.000212441704749585
0.000331735684315665
9.46493365250599E-05
0.000547258710700216
0.000586050867371669
0.000739513630156581
0.000573797727868039
1.32237405467809E-05
0.000354375349207249
0.000260309402603656
-8.87655140651637E-05
-0.00076518425557228
-0.000400738171281822
-0.000444989740548374
-0.000775722213043056
-0.000976838225990015
-0.000963310411340651
-0.000999848929644728
-0.00106126730232366
-0.000121155075705433
1.02375269488407E-05
-0.000229207832352852
-0.000510447558878666
-0.000326756646982804
-0.000240419821130775
-0.000673768679945831
-0.000718320942057166
0.000389078928133924
0.000563159729928506
-7.04083184878228E-05
-6.28555137844904E-05
-0.000158662250946457
0.000106051969297473
-8.41777318325546E-05
-0.000158809650950301
-0.00075031925553872
-0.000948684659400869
-0.00183983874015119
-0.00149889558601234
-0.000148404938043588
-0.000400186680477786
-0.000805848736890691
-0.000192686888765866
-0.000178276443992512
-0.000105116642013067
3.58649672797577E-05
4.33116291038926E-06
-0.000567855065920236
-0.000313626727896388
-0.000117035210904813
-0.000373774538246116
-0.000603601837777101
-0.000387169863305109
-0.000261524081493703
-0.000382777340510123
-0.000971937486423561
-0.000809488436932213
-0.000545851494365717
-0.000778474233066818
-0.00103233415993372
-0.00105105116360111
-0.00101278016530222
-0.00108719153479959
-0.000665215853179834
-0.000893953021793055
-0.000967290036845738
-0.000742593294136307
-0.00110345165748365
-0.000914375091373133
-0.000800147568696284
-0.00110675696096775
-0.000810079957121547
-0.00102855686803444
-0.0010877976419053
-0.00087228822404798
-0.000294278804908155
-0.000546639937362146
-0.000599401981041462
-0.000332928038903253
-1.9126951384529E-05
-0.000105846425695013
-0.000122066468979125
-2.10128559231406E-05
-0.000215727468294779
-0.000421361700373573
-0.000487783326691638
-0.000255523278887944
-1.63510315761812E-05
-8.07278916460774E-05
-9.23047591241837E-05
-1.74962794860981E-05
-0.000350850143979758
-0.000364547492575912
-0.00066419495339326
-0.000556105799430424
-0.000263356889080324
-0.000312269549501435
-0.000452128567236005
-0.000348927390967833
-0.000736093539481752
-0.000868722231523478
-0.000999377217765117
-0.000910176078532912
-0.000463479518903769
-0.000617662387494104
-0.000780696718134768
-0.00057436420630515
-0.000146296950894855
-0.000284822845760082
-0.000351808851813214
-0.000178562186535448
-1.29535833317668E-05
-5.8724980259466E-05
-6.97715767991391E-05
-1.49765824658962E-05
-9.49960752924934E-05
-0.000181012072520199
-0.000226062302259617
-0.00011849759101186
-8.44724510245311E-06
-3.8807020430343E-05
-4.8293680954592E-05
-1.06949491332947E-05
0.000342301733243278
0.000178669516777791
0.000283270438880323
0.000292195449265821
0.000124133431242456
0.00033618939018532
0.000220077219494086
7.55872909323534E-05
-6.2964059146373E-05
-3.56873083702842E-05
8.65854555768583E-05
0.000106985093290762
4.60792796680517E-05
-3.3282499344239E-05
0.000170027938026341
0.0002399726002934
0.00035095661192183
0.000295662768100671
0.000549092882411876
0.000594035763366379
0.000449490372728896
0.000420934935999395
0.000608939800334346
0.000540532137810102
0.000186671675382927
0.000367640161205238
0.000336891219820397
4.2401002584563E-05
4.49284908507367E-06
4.60328139085651E-05
-0.000113998185157333
-5.79158014446266E-05
0.000124435519704721
0.00021530806632423
0.000163215607553762
0.000139341837983004
1.38621598915287E-05
4.72976008762442E-05
0.000112133470422161
9.84628317758723E-05
-0.000449064402257721
-0.000464398142720117
-0.000410743280326197
-0.000319847492869688
7.755556100927E-05
-0.000247488948217764
-0.00014925188707314
6.20557717663749E-05
-0.000235064269330239
-0.000359740394341692
-0.000342413730471379
-0.000213694634214955
1.45368051720834E-05
-0.000107782343058264
-0.000116922659496532
-4.14735600839055E-05
0.000140143052256684
9.24919903573318E-05
5.17500800481478E-05
0.000184920239018893
0.000253919987794892
0.000201047043542235
0.000342141014681212
0.000470561645420957
0.000298759702924726
8.47064851582828E-05
0.000176850064830972
0.000412975246684253
0.000663527144997577
0.000514656588201692
0.000612512263645488
0.000707241099118092
-0.000213340671413777
-0.000325310841408926
-0.000280748180011018
-0.000200394283434484
-5.46859187308562E-05
-0.000128802831056082
-0.000112116207542951
-2.08528176584486E-06
-0.000135051251553294
-0.00019337256234227
-5.89085057707045E-05
4.00985272447784E-06
8.01229549354162E-05
-4.91107075237519E-05
6.59524213521552E-05
0.000132577629464532
0.000412633867574082
0.000246192307715332
0.000196502819215573
0.000226263212814935
0.000514199548510234
0.000513404077810988
0.000198655796038098
0.00012449085023163
-7.16228121562245E-05
0.000173461035668097
-1.06889956031282E-05
-9.56267943855545E-05
-6.60782631436975E-05
-0.000151271704151753
-7.43353925351452E-05
-2.68107783826759E-05
0.000700267652568505
0.000722020107704104
0.000688548203808461
0.00057989932360353
0.000443417108154848
0.000619353315911352
0.00041864812234097
0.000203025721492299
0.000278936182798391
0.000422773282079563
2.45247071629065E-05
-6.77123696664278E-05
-4.3135285999643E-05
0.000114990972252901
-0.000143603190366623
-0.000188357854563557
-7.64664675579043E-05
-0.000112276184550628
-0.000150115014659735
-7.67908336970435E-05
-4.81539908817954E-06
-2.64305241698961E-05
-3.04318342477082E-05
-6.27315034656913E-06
-3.76912905564124E-05
-8.50417788360747E-05
-0.000203198283204512
-0.000125342950661487
0.000148358050885117
5.63579207244823E-05
8.53950262231512E-06
0.000141799915195456
-0.000184262687635396
-0.000287692574241465
-0.000335720073088666
-0.000213522460183918
7.66042932771127E-05
-4.43309896261871E-05
-9.08003329772101E-05
-2.01317455249628E-06
0.000333651974229366
0.000207139913656409
0.000102251975034959
0.00023606553907236
0.000345320903091824
0.000402477867080818
0.000396224688256235
0.000520698232381185
0.000171266101171104
0.000209288041602673
0.000273736961023904
0.000352640895060611
-0.000299555815247941
-1.91275167092691E-05
0.00028100583469246
4.89430875628768E-05
-0.000232473617846742
-0.000352064701075934
-0.000367225956053641
-0.000265963931992341
-6.58285295551199E-05
-0.000135437564508624
-0.000182011546134593
-0.000110018470514979
-0.000305581770494135
-0.000396878020600861
-0.00039485526408511
-0.000298037075557347
-0.000134981006526832
-0.000216493143364458
-0.0002128908051965
-0.000131263447050616
0.00010768374938908
-3.05807022644213E-05
-3.2557588709544E-05
8.5126064435861E-05
0.000148111328454986
0.000185565891140496
0.00014935806722683
8.23778382031548E-06
0.000161093686404643
2.43603910348797E-05
-1.39619580362992E-05
0.000127362288825531
0.000534307546525791
0.000336914591429705
0.00026291490861023
0.000398219334965272
0.000659629747166161
0.000700447392651433
0.000653992176232594
0.000796698309967297
0.000190123803814775
0.000426046028232279
0.000645993089463746
0.000363844465681133
0.000478443432594117
0.000256927943814464
-0.000115711651709901
2.42069311062858E-05
0.000379536722102709
0.000523977459014961
0.000188574023539788
0.000227268437845713
2.51165218590165E-05
0.000155617414160876
0.000141603395544519
2.68874764863763E-05
3.45232469014137E-06
8.25984036180291E-06
1.96633689260078E-06
4.22072807668905E-06
3.12073613574228E-05
6.57039750980677E-05
0.000122900098852051
2.78537147099897E-05
-4.9217561784348E-07
1.03337826502079E-05
1.28842619945077E-05
2.44798997413837E-06
-0.000574788913546536
-0.000529424930312485
-0.00025949979024273
-0.000462363611857956
-0.000339068138075635
-0.000460052040379833
-0.000444231423501461
-0.000317316899411128
-0.000188123617460523
9.92031361060129E-05
0.00046713951630076
0.000237593783266785
-0.000217653237702306
-0.000292112117866401
3.31208927457826E-05
-3.46354334473822E-05
-3.68202521698058E-05
-0.000102127429235479
-7.97320640793986E-06
1.16145304523324E-05
-6.17482323757695E-06
-1.74435400955795E-05
-2.74131311996748E-06
-5.103939409323E-06
-0.00010168194068641
-0.000233625149895163
-0.000197446454384132
-9.27366496902712E-05
5.19374329306706E-06
-1.07745142296015E-05
-2.29143285284767E-05
-1.15873340548184E-06
-7.32861644880951E-05
-0.000260130510197434
-0.000229778860969361
-6.07051297907862E-05
-6.44085618749407E-06
-7.0422987682796E-06
2.31785100790083E-06
-2.1268494993232E-07
-0.000836371630908854
-0.000796010226114457
-0.000851869151853875
-0.000820677006290249
-0.000495004783149824
-0.000710841472723109
-0.000662765332771877
-0.000446971172236782
-0.000796846612658994
-0.000886918958414288
-0.000829164201858864
-0.000706780388953301
-0.000396801947629458
-0.000610766574598659
-0.0005393268959091
-0.000344082887828327
-4.99010155907779E-05
-0.000198539970946957
-0.000166217767664641
-3.85065790652433E-05
4.32640597084474E-06
7.70376849152816E-06
1.1049304861859E-05
6.44471487322887E-06
0.000219062364342534
0.000462847678567126
-6.23350962332788E-05
-0.000235210678540944
-0.000577985694260698
-0.000208378137860533
-0.00049376628341685
-0.000730973104491001
-0.00122182066616986
-0.00175122761917633
-0.000894075791688575
-0.000590261859156616
0.000282761011498278
-0.00038086620342295
-0.000213978339992963
-3.06223579783804E-05
-9.42095336257114E-05
-6.05446185109844E-05
0.000481415418064968
0.000143495235063063
-0.000461790357399523
-0.000247402804063503
-0.000313592559983111
-0.00072889743868162
-0.000742202244634535
-0.000639698485456544
-0.00101525419294582
-0.00112911472168228
-0.000868969023964577
-0.000806580166580776
-0.0010750650901483
-0.000947610584940976
-0.00122631872642131
-0.00106538778753645
-0.000830956661248973
-0.00104741334187331
-0.00096007562876825
-0.00117362383427394
-0.00108212635092916
-0.000938136431389701
0.00025700598886427
0.000626837367174555
0.000491552895817256
0.000267913248608395
-0.000712741881350629
-0.000236731490852863
-7.73686820207722E-05
-0.000478722002240436
0.000187990473046672
0.000269778591177923
6.94887466617991E-05
7.21011152987464E-05
-0.000176687770144518
4.07970318713917E-05
7.79916230905392E-05
4.98758539567409E-05
-0.000667286453911878
-0.000430137236637171
-3.76707640592091E-05
-0.000207004260029057
-0.000839640436147794
-0.000819140367591387
-0.000429925953460466
-0.000618623942835656
-2.59638873135013E-05
-0.00013382256790759
-0.000108057882123065
-1.36339405085519E-05
7.38624240429233E-06
1.38609578114839E-05
1.77569016662204E-05
8.39563776625747E-06
-0.000547320621496029
-0.000712023540024679
-0.000682471208694029
-0.000457728848728203
-0.000286724063707297
-0.000432410819977753
-0.000339393999278586
-0.000236904302375723
-0.000495666800451268
-0.000709356921369739
-0.00067488094686969
-0.00056634477735113
-0.000239857576117537
-0.00033800720823815
-0.000404859603892822
-0.000297570343606207
-1.11347093368376E-05
-0.000118327898738351
-0.000182510092187859
-4.93878839418138E-05
8.95337611966124E-06
2.15294926616154E-05
1.21767446761954E-05
8.41730240473692E-06
